#ID   #Source    #V     #B-V    #U-B    #N 
0025	25	9.47	+0.48	+0.01	2
0034	25	12.03	+0.94	+0.62	2
0081	25	13.59	+0.90	+0.38	1
0097	25	12.50	+1.08	+0.79	2
0102	25	10.51	+0.71	+0.15	2
0105	25	13.76	+0.98	+0.48	1
0120	25	10.79	+0.70	+0.19	2
0129	25	11.47	+0.88	+0.40	2
0152	25	10.75	+0.70	+0.17	2
0153	25	7.51	+0.15	+0.10	2
0157	25	7.90	+0.34	+0.11	3
0158	25	8.23	+0.25	+0.14	6
0164	25	9.54	+0.48	+0.01	2
0173	25	10.86	+0.85	+0.44	2
0174	25	11.62	+0.85	+0.43	4
0186	25	10.52	+0.80	+0.25	2
0193	25	11.29	+0.81	+0.36	4
0232	25	8.06	+0.20	+0.15	6
0233	25	9.66	+0.52	+0.01	3
0248	25	11.02	+0.77	+0.25	2
0250	25	10.68	+0.68	+0.14	3
0253	25	10.66	+0.68	+0.14	2
0257	25	12.51	+0.81	+0.30	2
0263	25	11.54	+0.88	+0.42	4
0293	25	10.80	+0.70	+0.16	3
0296	25	11.46	+0.84	+0.45	1
0298	25	10.86	+0.88	+0.47	2
0303	25	10.48	+0.89	+0.35	2
0314	25	10.56	+0.64	+0.10	3
0320	25	11.04	+0.88	+0.44	3
0338	25	9.07	+0.46	+0.10	4
0344	25	8.17	+0.27	+0.09	4
0345	25	11.57	+0.84	+0.38	2
0357	25	13.46	+1.44	+0.69	1
0405	25	9.83	+0.54	+0.05	4
0430	25	11.40	+0.85	+0.34	2
0447	25	5.46	-0.04	-0.33	8
0468	25	3.71	-0.11	-0.41	3
0470	25	8.95	+0.39	+0.01	3
0476	25	10.81	+0.80	+0.27	2
0489	25	10.39	+0.63	+0.13	4
0513	25	13.76	+1.30	+1.39	1
0514	25	10.69	+0.69	+0.17	3
0522	25	11.93	+0.94	+0.61	2
0530	25	8.95	+0.39	+0.02	3
0531	25	8.58	+0.34	+0.16	4
0541	25	5.65	-0.07	-0.36	8
0563	25	4.31	-0.11	-0.46	4
0571	25	11.20	+0.78	+0.30	3
0605	25	8.99	+0.44	+0.08	4
0625	25	12.57	+1.10	+0.76	1
0627	25	9.68	+0.50	+0.03	3
0636	25	12.48	+1.06	+0.78	1
0652	25	8.04	+0.21	+0.18	4
0659	25	12.13	+0.95	+0.39	2
0676	25	13.56	+1.30	+1.26	1
0697	25	8.60	+0.35	+0.11	4
0708	25	10.13	+0.62	+0.13	4
0717	25	7.18	+0.16	+0.08	7
0727	25	9.70	+0.55	+0.05	4
0738	25	12.26	+1.16	+0.72	1
0739	25	9.56	+0.62	+0.06	3
0745	25	9.45	+0.52	+0.11	4
0746	25	11.27	+0.92	+0.23	2
0761	25	10.55	+0.67	+0.17	2
0785	25	3.88	-0.07	-0.40	4
0801	25	6.85	+0.04	+0.01	2
0804	25	7.85	+0.20	+0.16	4
0817	25	5.76	-0.04	-0.23	5
0859	25	6.43	-0.02	-0.15	7
0882	25	12.66	+1.07	+0.73	1
0885	25	12.05	+1.01	+0.84	2
0916	25	11.71	+0.87	+0.48	2
0923	25	10.12	+0.62	+0.09	3
0945	25	13.29	+1.06	+0.97	1
0948	25	8.66	+0.60	+0.10	2
0956	25	7.96	+0.32	+0.07	2
0975	25	10.56	+0.81	+0.29	2
0980	25	4.18	-0.06	-0.43	3
0996	25	10.42	+0.64	+0.15	4
1015	25	10.54	+0.65	+0.12	2
1028	25	7.35	+0.10	+0.12	6
1032	25	11.34	+0.86	+0.38	2
1084	25	8.11	+0.36	+0.29	13
1095	25	11.92	+0.88	+0.71	2
1100	25	12.16	+1.15	+1.15	1
1101	25	10.26	+0.61	+0.08	3
1117	25	10.20	+0.73	+0.31	4
1122	25	9.29	+0.46	+0.03	4
1124	25	12.12	+0.92	+0.51	3
1132	25	9.42	+0.49	+0.03	2
1136	25	12.02	+0.99	+0.54	2
1139	25	9.38	+0.48	+0.00	2
1182	25	10.46	+0.64	+0.10	2
1200	25	9.90	+0.54	+0.05	2
1207	25	10.47	+0.62	+0.09	2
1215	25	10.52	+0.65	+0.16	6
1220	25	11.74	+0.88	+0.54	1
1234	25	6.82	+0.02	-0.07	15
1266	25	8.28	+0.36	+0.12	1
1275	25	11.47	+0.84	+0.43	2
1284	25	8.37	+0.30	+0.08	6
1298	25	12.18	+1.02	+0.78	2
1305	25	13.46	+1.18	+1.10	1
1306	25	13.39	+1.35	+1.18	2
1309	25	9.46	+0.47	+0.02	4
1332	25	12.41	+1.04	+0.86	2
1338	25	8.69	+0.46	+0.03	2
1348	25	12.61	+1.18	+1.00	3
1362	25	8.25	+0.26	+0.10	2
1375	25	6.29	+0.02	-0.02	2
1380	25	6.99	+0.03	+0.05	6
1384	25	7.66	+0.21	+0.12	7
1397	25	7.26	+0.05	+0.04	3
1407	25	8.13	+0.25	+0.13	4
1425	25	7.77	+0.15	+0.12	8
1431	25	6.81	+0.06	+0.02	7
1432	25	2.87	-0.09	-0.34	20
1440	25	15.64	+1.01	-0.06	1
1454	25	12.78	+1.16	+0.94	1
1491	25	16.42	+0.60	+0.25	1
1498	25	7.72	+1.23	+1.12	3
1512	25	13.50	+1.37	+1.06	1
1514	25	10.48	+0.64	+0.12	2
1516	25	14.02	+1.31	+1.02	1
1532	25	13.95	+1.26	+1.15	1
1549	25	8.79	+1.15	+0.81	4
1553	25	12.22	+1.06	+0.85	3
1593	25	11.12	+0.75	+0.30	3
1613	25	9.88	+0.54	+0.11	4
1628	25	13.45	+0.81	+0.29	1
1645	25	11.33	+0.71	+0.43	3
1705	25	6.46	+1.70	+2.07	21
1712	25	14.36	+1.01	+0.47	1
1726	25	9.25	+0.55	+0.12	4
1762	25	8.27	+0.36	+0.11	5
1766	25	9.13	+0.47	+0.07	4
1776	25	10.91	+0.72	+0.22	2
1794	25	10.36	+0.64	+0.13	2
1797	25	10.11	+0.56	+0.07	2
1823	25	5.45	-0.07	-0.32	9
1856	25	10.02	+0.56	+0.09	4
1876	25	6.95	+0.12	+0.09	8
1883	25	12.60	+1.06	+0.71	2
1912	25	9.05	+0.49	+0.02	2
1924	25	10.33	+0.62	+0.13	4
1993	25	8.37	+0.29	+0.13	4
2016	25	13.52	+1.22	+1.15	1
2027	25	10.91	+0.86	+0.50	2
2034	25	12.57	+0.99	+0.64	1
2082	25	13.98	+1.33	+1.26	1
2106	25	11.53	+0.86	+0.46	2
2126	25	11.64	+0.86	+0.48	2
2147	25	10.83	+0.80	+0.34	2
2168	25	3.64	-0.08	-0.36	4
2172	25	10.44	+0.62	+0.09	2
2181	25	5.09	-0.08	-0.28	8
2195	25	8.12	+0.22	+0.10	8
2220	25	7.52	+0.10	+0.11	6
2244	25	12.67	+1.04	+0.62	2
2263	25	6.60	-0.03	-0.12	7
2278	25	10.83	+0.86	+0.46	2
2284	25	11.35	+0.78	+0.38	3
2287	25	15.72	+1.15	+0.98	1
2289	25	7.97	+0.18	+0.13	7
2311	25	11.36	+0.83	+0.39	1
2341	25	10.87	+0.71	+0.24	2
2345	25	9.10	+0.44	+0.02	4
2366	25	11.53	+0.82	+0.36	2
2406	25	11.10	+0.76	+0.26	3
2407	25	12.29	+1.10	+0.96	2
2415	25	8.10	+0.22	+0.13	6
2425	25	6.17	-0.05	-0.19	4
2462	25	11.55	+0.83	+0.46	1
2484	25	9.16	+0.16	+0.15	2
2488	25	7.54	+0.08	+0.08	7
2506	25	10.23	+0.60	+0.08	2
2507	25	6.74	+0.06	-0.06	2
2588	25	13.10	+1.22	+0.94	2
2644	25	11.03	+0.73	+0.25	2
2665	25	11.36	+0.83	+0.44	1
2690	25	7.42	+0.13	+0.12	7
2741	25	12.60	+1.00	+0.80	1
2786	25	10.31	+0.60	+0.07	2
2866	25	6.93	+0.09	+0.03	6
2870	25	12.45	+1.07	+0.89	3
2880	25	11.75	+0.86	+0.37	2
2881	25	11.48	+0.95	+0.56	2
2927	25	13.92	+1.25	+1.05	1
2984	25	12.37	+1.00	+0.85	1
3019	25	13.45	+1.19	+0.97	1
3030	25	13.96	+1.40	+1.16	1
3031	25	8.83	+0.38	+0.05	4
3034	25	11.76	+0.46	+0.09	3
3063	25	13.52	+1.17	+1.00	1
3069	25	13.85	+1.12	+0.96	1
3096	25	12.15	+1.00	+0.66	2
3097	25	10.97	+0.74	+0.25	2
3104	25	13.41	+1.29	+1.10	1
3122	25	11.92	+0.73	+0.19	1
3163	25	12.69	+0.98	+0.64	1
3179	25	10.04	+0.56	+0.05	2
3187	25	13.12	+1.16	+1.04	1
3197	25	12.26	+1.10	+0.89	3
3241	25	13.78	+0.57	+0.06	3
3301	25	9.55	+0.51	+0.01	2
3302	25	8.84	+0.36	+0.02	2
3303	25	9.19	+0.50	+0.00	2
3304	25	6.70	+0.00	-0.01	2
3305	25	7.09	+0.04	+0.03	2
3306	25	6.51	+0.15	+0.18	2
3307	25	7.26	+0.08	+0.02	2
3308	25	7.80	+0.35	+0.04	3
3309	25	9.16	+0.44	+0.01	2
3310	25	9.15	+0.46	+0.02	3
3311	25	9.83	+0.54	+0.03	2
3312	25	8.58	+0.47	+0.00	4
3313	25	9.84	+0.57	+0.04	2
3314	25	9.49	+0.49	+0.02	2
3315	25	9.11	+0.48	+0.13	2
3316	25	7.73	+0.18	+0.13	2
3317	25	7.81	+0.19	+0.15	3
3318	25	8.02	+0.22	+0.12	2
3319	25	8.70	+0.36	+0.12	2
3320	25	8.30	+0.26	+0.14	3
3321	25	8.41	+0.38	-0.01	2
3322	25	7.72	+0.18	+0.12	3
3323	25	7.00	+0.03	-0.02	4
3324	25	9.55	+0.52	+0.06	2
3325	25	6.07	-0.01	-0.32	2
3326	25	9.64	+0.50	+0.01	3
3327	25	9.41	+0.53	+0.09	2
3328	25	7.64	+0.16	+0.13	10
3329	25	9.44	+0.48	-0.02	1
3330	25	6.36	+0.12	+0.15	2
3331	25	9.08	+0.54	+0.12	2
3332	25	9.07	+0.43	-0.03	2
3333	25	10.47	+0.67	+0.16	2
3334	25	8.33	+0.26	+0.12	3
3335	25	7.19	+0.04	-0.01	2
#0865	#25	#16.01	#+1.05	
#0915	#25	#13.62	#+1.23	
#1355	#25	#13.97	#+1.23	
#1531	#25	#13.30	#+1.15	
#2199	#25	#14.31	#+1.13	
#2209	#25	#14.38	#+1.47

