#    B        V
  16.989   15.151
  16.913   15.083
  16.564   14.769
  16.486   14.697
  15.891   14.149
  15.867   14.127
  15.621   13.898
  15.300   13.600
  14.946   13.184
  14.443   12.653
  14.070   12.296
  13.828   12.076
  13.791   12.043
  13.561   11.832
  13.435   11.717
  13.110   11.420
  12.991   11.312
  12.879   11.210
  12.531   10.893
  12.530   10.892
  12.138   10.533
  11.782   10.208
  11.729   10.159
  11.447    9.902
  11.279    9.749
  11.113    9.597
  11.073    9.560
  10.781    9.289
  10.772    9.281
  10.372    8.910
  10.051    8.612
   9.973    8.539
   9.934    8.503
   9.725    8.393
   8.518    7.343
   8.191    7.058
   8.019    6.909
   7.810    6.730
   7.430    6.407
   7.393    6.376
   7.144    6.165
   6.778    5.860
   6.725    5.816
   6.591    5.706
   6.303    5.469
   6.107    5.312
   5.980    5.209
   5.917    5.160
   5.678    4.975
   5.676    4.974
   5.483    4.829
   5.474    4.822
   5.436    4.795
   5.360    4.736
   5.355    4.732
   5.350    4.728
   5.219    4.616
   5.149    4.557
   4.872    4.319
   4.824    4.278
   4.602    4.085
   4.319    3.843
   4.073    3.633
   3.826    3.425
   3.634    3.265
   3.605    3.239
   3.406    3.072
   3.213    2.911
   3.027    2.758
   2.849    2.611
   2.763    2.542
   2.682    2.476
   2.602    2.410
   2.526    2.350
   2.449    2.288
   2.377    2.231
   2.309    2.177
   2.243    2.124
   2.180    2.074
   2.121    2.026
   2.062    1.978
   2.008    1.934
   1.902    1.847
   1.806    1.768
   1.716    1.692
   1.633    1.622
   1.553    1.554
   1.477    1.489
   1.404    1.426
   1.312    1.344
   1.268    1.306
   1.267    1.305
   1.019    1.081
   0.793    0.873
   0.691    0.778
   0.588    0.680
   0.397    0.500
   0.374    0.478
   0.220    0.332
   0.066    0.186
   0.053    0.173
   0.042    0.163
  -0.105    0.023
  -0.204   -0.072
  -0.255   -0.120
  -0.342   -0.202
  -0.399   -0.257
  -0.523   -0.376
  -0.538   -0.390
  -0.541   -0.393
  -0.672   -0.518
  -0.762   -0.604
  -0.803   -0.643
  -0.896   -0.733
  -0.932   -0.767
  -1.045   -0.876
  -1.059   -0.890
  -1.184   -1.011
  -1.232   -1.056
  -1.308   -1.130
  -1.419   -1.237
  -1.431   -1.249
  -1.539   -1.353
  -1.553   -1.367
  -1.596   -1.408
  -1.678   -1.488
  -1.685   -1.495
  -1.804   -1.611
  -1.863   -1.669
  -1.971   -1.775
  -2.073   -1.875
  -2.171   -1.972
  -2.194   -1.995
  -2.305   -2.105
  -2.443   -2.242
  -2.574   -2.372
  -2.693   -2.491
  -2.808   -2.607
  -2.956   -2.756
  -3.003   -2.803
  -3.038   -2.838
  -3.176   -2.978
  -3.319   -3.123
  -3.453   -3.261
  -3.583   -3.394
  -3.659   -3.471
  -3.664   -3.473
  -3.643   -3.446
  -3.614   -3.412
  -3.595   -3.390
  -3.590   -3.381
  -3.587   -3.377
  -3.568   -3.360
  -3.569   -3.365
  -3.595   -3.395
  -3.670   -3.476
  -3.746   -3.557
  -3.850   -3.667
  -3.933   -3.755
  -4.033   -3.861
  -4.109   -3.943
  -4.182   -4.021
  -4.251   -4.096
  -4.318   -4.168
  -4.382   -4.238
  -4.444   -4.306
  -4.504   -4.372
  -4.562   -4.436
  -4.619   -4.498
  -4.673   -4.559
  -4.738   -4.631
  -4.787   -4.686
  -4.835   -4.740
  -4.880   -4.791
  -4.922   -4.839
  -4.961   -4.886
  -4.999   -4.931
  -5.034   -4.974
  -5.067   -5.014
  -5.097   -5.053
  -5.124   -5.089
  -5.145   -5.121
  -5.162   -5.155
  -5.165   -5.176
  -5.150   -5.190
  -5.124   -5.194
  -5.086   -5.191
  -5.037   -5.181
  -4.977   -5.167
  -4.906   -5.148
  -4.830   -5.126
  -4.746   -5.100
  -4.658   -5.070
  -4.542   -5.026
  -4.442   -4.987
  -4.336   -4.945
  -4.222   -4.898
  -4.103   -4.848
  -3.980   -4.794
  -3.847   -4.733
  -3.714   -4.669
  -3.575   -4.599
  -3.399   -4.503
  -3.245   -4.413
  -3.087   -4.310
  -2.915   -4.191
  -2.740   -4.058
  -2.571   -3.929
  -2.451   -3.840
  -2.392   -3.819
  -2.361   -3.830
  -2.364   -3.870
  -2.375   -3.909
  -2.392   -3.952
  -2.401   -3.974
  -2.412   -3.997
  -2.432   -4.038
  -2.447   -4.067
  -2.469   -4.114
  -2.484   -4.147
  -2.490   -4.166
  -2.496   -4.184
  -2.500   -4.202
  -2.499   -4.207
  -2.492   -4.201
  -2.488   -4.197
  -2.496   -4.205
  -2.526   -4.236
  -2.533   -4.229
  -2.537   -4.220
  -2.540   -4.211
  -2.537   -4.191
  -2.542   -4.172
  -2.580   -4.188
  -2.625   -4.218
  -2.835   -4.400
  -3.124   -4.642
  -3.233   -4.731
  -3.347   -4.811
  -3.595   -4.966
  -3.700   -5.031
  -3.808   -5.091
  -3.876   -5.129
  -3.937   -5.161
  -3.996   -5.192
  -4.054   -5.222
  -4.112   -5.250
  -4.171   -5.278
  -4.248   -5.314
  -4.311   -5.342
  -4.380   -5.372
  -4.452   -5.402
  -4.531   -5.436
  -4.583   -5.456
  -4.639   -5.476
  -4.701   -5.500
  -4.772   -5.524
  -4.834   -5.546
  -4.896   -5.568
  -5.092   -5.637
  -5.383   -5.729
  -5.647   -5.781
  -5.712   -5.768
  -5.724   -5.745
  -5.720   -5.721
  -5.704   -5.689
  -5.688   -5.661
  -5.671   -5.635
  -5.678   -5.643
  -5.708   -5.681
  -5.727   -5.709
  -5.757   -5.749
  -5.773   -5.777
  -5.786   -5.803
  -5.792   -5.821
  -5.791   -5.835
  -5.786   -5.846
  -5.775   -5.853
  -5.762   -5.859
  -5.737   -5.861
  -5.711   -5.861
  -5.684   -5.858
  -5.646   -5.854
  -5.609   -5.849
  -5.560   -5.841
  -5.518   -5.832
  -5.465   -5.821
  -5.421   -5.810
  -5.433   -5.814
  -5.463   -5.822
  -5.493   -5.831
  -5.502   -5.833
  -5.513   -5.836
  -5.522   -5.838
  -5.526   -5.839
  -5.530   -5.840
  -5.534   -5.841
  -5.537   -5.842
  -5.540   -5.842
  -5.542   -5.843
  -5.545   -5.844
  -5.549   -5.845
  -5.552   -5.846
  -5.556   -5.847
  -5.561   -5.848
  -5.567   -5.850
  -5.577   -5.852
  -5.590   -5.856
  -5.703   -5.877
  -5.644   -5.870
  -5.595   -5.863
  -5.526   -5.850
  -5.465   -5.837
  -5.383   -5.817
  -5.305   -5.795
  -5.232   -5.773
  -5.156   -5.749
  -5.080   -5.724
  -4.980   -5.690
  -4.899   -5.661
  -4.818   -5.631
  -4.734   -5.598
  -4.654   -5.566
  -4.568   -5.529
  -4.480   -5.488
  -4.355   -5.428
  -4.202   -5.341
  -4.070   -5.263
  -4.006   -5.227
  -3.791   -5.111
  -2.683   -4.348
  -2.667   -4.347
  -2.662   -4.345
  -2.661   -4.345
  -2.660   -4.346