2033.626730 17.028000 0.015876 0.991717 
2033.637360 17.105000 0.019845 0.993027 
2033.649520 17.194000 0.018522 0.994526 
2033.650690 17.208000 0.018522 0.994670 
2033.656520 17.269000 0.018522 0.995389 
2033.657690 17.279000 0.018522 0.995533 
2033.658850 17.293000 0.018522 0.995676 
2033.663570 17.337000 0.018522 0.996258 
2033.664740 17.351000 0.018522 0.996403 
2033.665900 17.354000 0.019845 0.996546 
2033.670710 17.398000 0.021168 0.997139 
2033.671880 17.406000 0.021168 0.997283 
2033.673040 17.418000 0.021168 0.997426 
2033.678340 17.459000 0.021168 0.998079 
2033.679500 17.495000 0.021168 0.998222 
2033.680660 17.499000 0.019845 0.998365 
2033.685540 17.538000 0.019845 0.998967 
2033.686710 17.535000 0.019845 0.999111 
2033.687870 17.541000 0.019845 0.999254 
2033.692370 17.542000 0.017199 0.999809 
2033.693360 17.544000 0.017199 0.999931 
2033.694350 17.541000 0.017199 0.000053 
2033.698310 17.519000 0.017199 0.000541 
2033.699300 17.524000 0.017199 0.000663 
2033.700290 17.513000 0.017199 0.000785 
2033.704510 17.488000 0.017199 0.001306 
2033.705500 17.485000 0.015876 0.001428 
2033.706480 17.481000 0.017199 0.001549 
2033.710800 17.437000 0.015876 0.002081 
2033.711790 17.422000 0.015876 0.002203 
2033.712780 17.429000 0.015876 0.002325 
2033.717180 17.384000 0.014553 0.002868 
2033.718170 17.374000 0.014553 0.002990 
2033.719170 17.367000 0.014553 0.003113 
2033.723130 17.330000 0.014553 0.003601 
2033.724120 17.327000 0.014553 0.003723 
2033.725110 17.294000 0.013230 0.003845 
2033.729030 17.268000 0.014553 0.004329 
2033.730020 17.257000 0.013230 0.004451 
2033.731020 17.236000 0.013230 0.004574 
2033.735410 17.210000 0.013230 0.005115 
2033.736400 17.209000 0.013230 0.005237 
2033.737390 17.188000 0.013230 0.005359 
2033.742020 17.159000 0.013230 0.005930 
2033.743010 17.151000 0.013230 0.006052 
2033.744000 17.140000 0.013230 0.006174 
2033.748510 17.098000 0.014553 0.006730 
2033.749500 17.094000 0.013230 0.006852 
2033.750490 17.081000 0.013230 0.006974 
2033.754840 17.051000 0.013230 0.007511 
2033.755830 17.033000 0.013230 0.007633 
2033.756820 17.037000 0.013230 0.007755 
2033.761430 17.009000 0.013230 0.008323 
2033.762420 17.019000 0.011907 0.008445 
2033.763410 16.988000 0.013230 0.008567 
2033.767650 16.976000 0.011907 0.009090 
2033.768640 16.975000 0.011907 0.009212 
2033.769630 16.956000 0.011907 0.009334 
2033.774530 16.939000 0.013230 0.009938 
2033.776520 16.923000 0.013230 0.010183 
2033.781460 16.895000 0.014553 0.010792 
2033.782620 16.896000 0.014553 0.010935 
2033.783790 16.888000 0.014553 0.011080 
2033.789380 16.869000 0.014553 0.011769 
2033.790540 16.865000 0.014553 0.011912 
2033.791700 16.848000 0.015876 0.012055 
2033.799000 16.836000 0.015876 0.012955 
2033.800170 16.834000 0.014553 0.013099 
2033.801330 16.823000 0.015876 0.013242 
2033.806090 16.830000 0.015876 0.013829 
2033.807250 16.838000 0.015876 0.013972 
2033.814400 16.826000 0.015876 0.014853 
2033.815560 16.833000 0.014553 0.014996 
2033.836710 16.830000 0.014553 0.017604 
2033.853460 16.824000 0.014553 0.019669 
2033.872296 16.822143 0.005501 0.021991 
2033.901606 16.826125 0.005145 0.025605 
2395.669448 16.845718 0.002754 0.626064 
2396.673705 16.837975 0.001753 0.749874 
2397.655555 16.838917 0.001910 0.870921 
2402.587631 16.836368 0.002850 0.478971 
2402.596140 16.833000 0.009261 0.480020 
2402.597270 16.832000 0.009261 0.480159 
2402.598480 16.831000 0.009261 0.480308 
2402.599560 16.845000 0.009261 0.480441 
2402.600400 16.842000 0.007938 0.480545 
2402.601260 16.848000 0.007938 0.480651 
2402.606030 16.831000 0.009261 0.481239 
2402.607130 16.841000 0.009261 0.481375 
2402.608030 16.828000 0.009261 0.481486 
2402.608980 16.834000 0.009261 0.481603 
2402.609990 16.830000 0.009261 0.481727 
2402.611160 16.832000 0.009261 0.481871 
2402.615870 16.842000 0.009261 0.482452 
2402.617050 16.838000 0.009261 0.482598 
2402.618140 16.840000 0.007938 0.482732 
2402.619000 16.850000 0.007938 0.482838 
2402.619830 16.839000 0.007938 0.482940 
2402.620820 16.835000 0.007938 0.483062 
2402.624880 16.833000 0.007938 0.483563 
2402.625800 16.841000 0.007938 0.483676 
2402.626670 16.836000 0.007938 0.483784 
2402.627520 16.838000 0.007938 0.483888 
2402.628540 16.839000 0.007938 0.484014 
2402.629400 16.843000 0.007938 0.484120 
2402.633150 16.844000 0.009261 0.484583 
2402.634280 16.843000 0.009261 0.484722 
2402.635560 16.840000 0.009261 0.484880 
2402.636510 16.838000 0.010584 0.484997 
2402.637800 16.843000 0.009261 0.485156 
2402.639070 16.838000 0.009261 0.485312 
2402.640640 16.841000 0.010584 0.485506 
2402.645680 16.838000 0.005292 0.486127 
2402.647040 16.845000 0.010584 0.486295 
2402.648150 16.839000 0.010584 0.486432 
2402.649440 16.849000 0.010584 0.486591 
2402.650670 16.844000 0.010584 0.486742 
2402.651880 16.851000 0.009261 0.486892 
2402.653020 16.857000 0.009261 0.487032 
2402.657070 16.866000 0.010584 0.487531 
2402.658200 16.868000 0.010584 0.487671 
2402.659270 16.861000 0.010584 0.487803 
2402.660530 16.867000 0.010584 0.487958 
2402.661680 16.876000 0.010584 0.488100 
2402.665890 16.889000 0.010584 0.488619 
2402.666880 16.899000 0.010584 0.488741 
2402.668100 16.896000 0.010584 0.488891 
2402.669090 16.906000 0.010584 0.489013 
2402.670180 16.903000 0.009261 0.489148 
2402.671140 16.905000 0.009261 0.489266 
2402.675430 16.929000 0.010584 0.489795 
2402.676590 16.925000 0.010584 0.489938 
2402.677750 16.931000 0.010584 0.490081 
2402.678820 16.942000 0.010584 0.490213 
2402.679850 16.949000 0.010584 0.490340 
2402.680840 16.950000 0.010584 0.490462 
2402.684760 16.973000 0.010584 0.490945 
2402.685720 16.974000 0.009261 0.491064 
2402.686720 16.979000 0.009261 0.491187 
2402.687650 16.990000 0.010584 0.491302 
2402.688720 16.984000 0.009261 0.491433 
2402.689600 16.990000 0.009261 0.491542 
2402.693770 17.013000 0.010584 0.492056 
2402.694700 17.018000 0.010584 0.492171 
2402.695730 17.034000 0.009261 0.492298 
2402.696630 17.026000 0.009261 0.492409 
2402.697800 17.040000 0.009261 0.492553 
2402.698670 17.042000 0.009261 0.492660 
2402.702320 17.072000 0.009261 0.493110 
2402.703200 17.076000 0.009261 0.493219 
2402.704150 17.081000 0.009261 0.493336 
2402.705010 17.082000 0.009261 0.493442 
2402.705960 17.089000 0.009261 0.493559 
2402.706870 17.100000 0.009261 0.493671 
2402.711470 17.123000 0.010584 0.494238 
2402.712340 17.136000 0.010584 0.494345 
2402.713300 17.133000 0.009261 0.494464 
2402.714110 17.145000 0.009261 0.494564 
2402.714990 17.153000 0.009261 0.494672 
2402.715810 17.150000 0.009261 0.494773 
2402.719280 17.185000 0.009261 0.495201 
2402.720170 17.191000 0.009261 0.495311 
2402.721040 17.187000 0.009261 0.495418 
2402.721850 17.191000 0.009261 0.495518 
2402.723960 17.218000 0.009261 0.495778 
2402.724770 17.214000 0.009261 0.495878 
2402.728350 17.259000 0.010584 0.496319 
2402.729160 17.249000 0.010584 0.496419 
2402.730060 17.259000 0.010584 0.496530 
2402.730870 17.265000 0.010584 0.496630 
2402.731760 17.263000 0.010584 0.496740 
2402.732580 17.269000 0.010584 0.496841 
2402.736520 17.284000 0.011907 0.497326 
2402.737590 17.308000 0.013230 0.497458 
2402.738570 17.319000 0.011907 0.497579 
2402.739540 17.320000 0.013230 0.497699 
2402.740550 17.312000 0.011907 0.497823 
2402.741600 17.321000 0.014553 0.497953 
2402.745910 17.350000 0.011907 0.498484 
2402.746980 17.354000 0.011907 0.498616 
2402.747930 17.362000 0.011907 0.498733 
2402.748790 17.360000 0.011907 0.498839 
2402.749780 17.337000 0.011907 0.498961 
2402.750970 17.372000 0.011907 0.499108 
2402.755220 17.371000 0.011907 0.499632 
2402.756290 17.373000 0.011907 0.499764 
2402.757310 17.373000 0.011907 0.499890 
2402.758470 17.369000 0.011907 0.500033 
2402.759820 17.361000 0.011907 0.500199 
2402.761010 17.363000 0.011907 0.500346 
2402.764790 17.355000 0.011907 0.500812 
2402.765760 17.351000 0.011907 0.500931 
2402.767180 17.350000 0.011907 0.501106 
2402.768320 17.338000 0.011907 0.501247 
2402.769330 17.337000 0.011907 0.501371 
2402.770390 17.330000 0.011907 0.501502 
2402.775380 17.301000 0.013230 0.502117 
2402.776610 17.297000 0.013230 0.502269 
2402.777580 17.293000 0.013230 0.502389 
2402.778890 17.281000 0.013230 0.502550 
2402.779990 17.280000 0.011907 0.502686 
2402.781200 17.256000 0.013230 0.502835 
2402.785640 17.234000 0.011907 0.503382 
2402.786950 17.229000 0.011907 0.503544 
2402.788530 17.208000 0.011907 0.503738 
2402.789690 17.217000 0.013230 0.503882 
2402.791090 17.209000 0.011907 0.504054 
2402.792340 17.196000 0.013230 0.504208 
2402.798680 17.149000 0.013230 0.504990 
2402.800340 17.137000 0.011907 0.505194 
2402.801460 17.126000 0.010584 0.505333 
2402.802370 17.128000 0.010584 0.505445 
2402.803280 17.111000 0.010584 0.505557 
2402.804240 17.118000 0.010584 0.505675 
2402.805410 17.099000 0.010584 0.505820 
2402.809450 17.082000 0.010584 0.506318 
2402.810570 17.081000 0.010584 0.506456 
2402.811490 17.066000 0.010584 0.506569 
2402.812360 17.055000 0.010584 0.506676 
2402.813720 17.050000 0.010584 0.506844 
2402.814910 17.054000 0.010584 0.506991 
2402.820070 17.021000 0.010584 0.507627 
2402.821030 17.007000 0.010584 0.507745 
2402.821950 17.003000 0.010584 0.507859 
2402.823180 17.008000 0.009261 0.508010 
2402.824150 17.004000 0.010584 0.508130 
2402.825070 16.992000 0.009261 0.508243 
2402.828910 16.969000 0.010584 0.508717 
2402.829940 16.962000 0.010584 0.508844 
2402.830980 16.955000 0.010584 0.508972 
2402.832120 16.939000 0.010584 0.509112 
2402.833430 16.942000 0.010584 0.509274 
2402.834590 16.952000 0.010584 0.509417 
2402.838740 16.918000 0.010584 0.509929 
2402.839800 16.902000 0.010584 0.510059 
2402.840970 16.907000 0.010584 0.510204 
2402.842240 16.903000 0.011907 0.510360 
2402.843420 16.892000 0.013230 0.510506 
2402.844550 16.895000 0.011907 0.510645 
2402.849440 16.879000 0.011907 0.511248 
2402.850600 16.883000 0.009261 0.511391 
2402.851580 16.876000 0.010584 0.511512 
2402.852510 16.876000 0.010584 0.511626 
2402.853550 16.864000 0.010584 0.511754 
2402.854480 16.860000 0.010584 0.511869 
2402.859230 16.846000 0.010584 0.512455 
2402.860350 16.841000 0.010584 0.512593 
2402.861340 16.849000 0.010584 0.512715 
2402.862270 16.840000 0.010584 0.512830 
2402.863440 16.832000 0.010584 0.512974 
2402.864370 16.825000 0.010584 0.513088 
2402.869250 16.826000 0.011907 0.513690 
2402.870370 16.832000 0.011907 0.513828 
2402.871720 16.829000 0.011907 0.513995 
2402.872830 16.848000 0.011907 0.514131 
2402.873980 16.835000 0.010584 0.514273 
2402.874980 16.826000 0.011907 0.514396 
2402.879360 16.823000 0.013230 0.514936 
2402.880810 16.832000 0.011907 0.515115 
2402.882250 16.840000 0.011907 0.515293 
2402.883450 16.834000 0.011907 0.515441 
2402.884490 16.824000 0.011907 0.515569 
2402.885510 16.838000 0.010584 0.515695 
2402.890310 16.831000 0.011907 0.516286 
2402.891620 16.830000 0.011907 0.516448 
2402.892830 16.834000 0.011907 0.516597 
2402.894340 16.832000 0.011907 0.516783 
2402.895700 16.838000 0.010584 0.516951 
2402.896920 16.837000 0.010584 0.517101 
2402.901440 16.829000 0.011907 0.517659 
2402.902740 16.836000 0.010584 0.517819 
2402.904060 16.833000 0.010584 0.517982 
2402.905460 16.832000 0.011907 0.518154 
2402.906550 16.833000 0.010584 0.518289 
2402.907980 16.829000 0.011907 0.518465 
2402.913110 16.833000 0.013230 0.519097 
2402.917020 16.828000 0.011907 0.519579 
2402.918460 16.822000 0.011907 0.519757 
2402.928066 16.833424 0.004034 0.520941 
2763.610610 16.864000 0.006615 0.987600 
2763.611690 16.859000 0.006615 0.987733 
2763.612900 16.868000 0.011907 0.987882 
2763.614190 16.877000 0.010584 0.988041 
2763.615400 16.876000 0.010584 0.988191 
2763.616790 16.889000 0.011907 0.988362 
2763.623060 16.918000 0.010584 0.989135 
2763.624280 16.929000 0.010584 0.989285 
2763.625340 16.930000 0.010584 0.989416 
2763.630490 16.939000 0.014553 0.990051 
2763.632040 16.943000 0.014553 0.990242 
2763.633610 16.956000 0.013230 0.990436 
2763.634860 16.967000 0.014553 0.990590 
2763.636170 16.990000 0.013230 0.990751 
2763.642540 17.019000 0.013230 0.991537 
2763.644100 17.033000 0.013230 0.991729 
2763.645400 17.040000 0.013230 0.991889 
2763.646670 17.055000 0.011907 0.992046 
2763.651760 17.080000 0.011907 0.992673 
2763.652970 17.092000 0.011907 0.992822 
2763.654020 17.089000 0.011907 0.992952 
2763.655070 17.099000 0.013230 0.993081 
2763.665130 17.187000 0.015876 0.994322 
2763.666630 17.210000 0.015876 0.994507 
2763.668130 17.223000 0.015876 0.994691 
2763.669580 17.227000 0.014553 0.994870 
2763.674510 17.275000 0.014553 0.995478 
2763.676110 17.294000 0.014553 0.995675 
2763.677520 17.305000 0.014553 0.995849 
2763.678650 17.316000 0.014553 0.995988 
2763.679780 17.320000 0.014553 0.996128 
2763.684700 17.373000 0.014553 0.996734 
2763.685960 17.385000 0.015876 0.996890 
2763.689580 17.419000 0.018522 0.997336 
2763.690890 17.423000 0.019845 0.997497 
2763.696300 17.465000 0.021168 0.998164 
2763.697580 17.481000 0.018522 0.998322 
2763.698870 17.499000 0.017199 0.998481 
2763.700140 17.504000 0.018522 0.998638 
2763.705260 17.533000 0.014553 0.999269 
2763.706390 17.539000 0.014553 0.999408 
2763.707510 17.542000 0.014553 0.999546 
2763.708540 17.530000 0.014553 0.999673 
2763.712450 17.545000 0.014553 0.000155 
2763.713520 17.548000 0.014553 0.000287 
2763.714570 17.540000 0.014553 0.000417 
2763.715640 17.517000 0.014553 0.000549 
2763.719810 17.503000 0.014553 0.001063 
2763.720880 17.499000 0.014553 0.001195 
2763.721910 17.487000 0.014553 0.001322 
2763.722970 17.483000 0.014553 0.001452 
2763.727120 17.448000 0.013230 0.001964 
2763.729140 17.436000 0.013230 0.002213 
2763.730740 17.412000 0.013230 0.002410 
2763.732270 17.404000 0.013230 0.002599 
2763.737410 17.350000 0.011907 0.003233 
2763.738730 17.335000 0.011907 0.003395 
2763.739970 17.320000 0.011907 0.003548 
2763.740940 17.306000 0.011907 0.003668 
2763.745830 17.270000 0.011907 0.004271 
2763.747090 17.258000 0.011907 0.004426 
2763.748120 17.248000 0.011907 0.004553 
2763.749740 17.233000 0.011907 0.004753 
2763.754850 17.188000 0.011907 0.005383 
2763.756010 17.181000 0.011907 0.005526 
2763.757290 17.161000 0.011907 0.005683 
2763.758650 17.158000 0.011907 0.005851 
2763.759690 17.149000 0.011907 0.005979 
2763.764370 17.112000 0.009261 0.006556 
2763.765540 17.101000 0.009261 0.006701 
2763.766500 17.091000 0.009261 0.006819 
2763.767460 17.095000 0.009261 0.006937 
2763.768390 17.084000 0.009261 0.007052 
2763.775540 17.027000 0.009261 0.007933 
2763.776720 17.026000 0.009261 0.008079 
2763.777680 17.016000 0.009261 0.008197 
2763.778840 17.001000 0.010584 0.008340 
2763.779850 17.002000 0.010584 0.008465 
2763.780980 16.996000 0.010584 0.008604 
2763.787550 16.958000 0.010584 0.009414 
2763.789900 16.947000 0.010584 0.009704 
2763.790940 16.946000 0.010584 0.009832 
2763.791980 16.932000 0.010584 0.009960 
2763.799180 16.899000 0.010584 0.010848 
2763.800340 16.898000 0.010584 0.010991 
2763.801560 16.895000 0.010584 0.011141 
2763.802990 16.891000 0.010584 0.011318 
2763.804020 16.876000 0.010584 0.011445 
2763.809180 16.861000 0.009261 0.012081 
2763.810410 16.860000 0.010584 0.012232 
2763.811460 16.847000 0.010584 0.012362 
2763.812610 16.857000 0.009261 0.012504 
2763.813640 16.864000 0.009261 0.012631 
2763.817580 16.846000 0.009261 0.013116 
2763.818810 16.839000 0.009261 0.013268 
2763.819830 16.842000 0.009261 0.013394 
2763.820830 16.847000 0.009261 0.013517 
2763.821860 16.835000 0.009261 0.013644 
2763.826360 16.833000 0.009261 0.014199 
2763.827570 16.839000 0.010584 0.014348 
2763.828660 16.841000 0.009261 0.014482 
2763.829700 16.835000 0.009261 0.014611 
2763.830780 16.841000 0.009261 0.014744 
2763.834690 16.831000 0.009261 0.015226 
2763.836040 16.831000 0.009261 0.015392 
2763.836990 16.840000 0.009261 0.015509 
2763.837950 16.838000 0.009261 0.015628 
2763.838910 16.840000 0.009261 0.015746 
2763.839910 16.835000 0.009261 0.015869 
2763.840910 16.834000 0.009261 0.015993 
2763.846950 16.836000 0.009261 0.016737 
2763.848430 16.841000 0.009261 0.016920 
2763.849720 16.838000 0.009261 0.017079 
2763.852430 16.844000 0.009261 0.017413 
2763.853480 16.834000 0.009261 0.017542 
2763.854600 16.835000 0.007938 0.017680 
2763.855530 16.841000 0.007938 0.017795 
2763.861840 16.830000 0.009261 0.018573 
2763.863290 16.844000 0.009261 0.018752 
2763.864250 16.847000 0.009261 0.018870 
2763.865210 16.837000 0.009261 0.018988 
2763.866280 16.839000 0.009261 0.019120 
2763.867400 16.841000 0.009261 0.019258 
2763.868470 16.841000 0.009261 0.019390 
2763.869440 16.841000 0.009261 0.019510 
2763.870490 16.841000 0.009261 0.019639 
2763.886010 16.838557 0.002370 0.021553 
2763.908162 16.839272 0.002443 0.024284 
2763.927249 16.842250 0.002509 0.026637 
2764.888280 16.840667 0.006111 0.145117 
2765.775265 16.830398 0.003060 0.254469 
2765.794800 16.829667 0.006111 0.256877 
2766.696987 16.834857 0.003000 0.368103 
2767.715850 17.089000 0.010584 0.493714 
2767.717060 17.096000 0.010584 0.493863 
2767.718170 17.111000 0.013230 0.494000 
2767.719340 17.118000 0.013230 0.494144 
2767.720570 17.129000 0.014553 0.494295 
2767.721740 17.133000 0.013230 0.494440 
2767.729260 17.189000 0.011907 0.495367 
2767.730340 17.181000 0.013230 0.495500 
2767.731380 17.190000 0.014553 0.495628 
2767.732710 17.189000 0.014553 0.495792 
2767.734130 17.216000 0.013230 0.495967 
2767.735310 17.238000 0.013230 0.496113 
2767.740500 17.251000 0.014553 0.496753 
2767.741700 17.272000 0.014553 0.496901 
2767.742920 17.276000 0.014553 0.497051 
2767.743990 17.277000 0.014553 0.497183 
2767.745570 17.292000 0.013230 0.497378 
2767.746660 17.299000 0.013230 0.497512 
2767.752540 17.322000 0.014553 0.498237 
2767.753720 17.338000 0.014553 0.498382 
2767.754830 17.331000 0.014553 0.498519 
2767.756310 17.346000 0.014553 0.498702 
2767.757820 17.356000 0.014553 0.498888 
2767.765260 17.359000 0.015876 0.499805 
2767.766470 17.374000 0.015876 0.499954 
2767.767600 17.361000 0.014553 0.500094 
2767.768770 17.362000 0.015876 0.500238 
2767.769810 17.363000 0.014553 0.500366 
2767.775420 17.347000 0.014553 0.501058 
2767.776660 17.338000 0.014553 0.501211 
2767.777680 17.315000 0.014553 0.501336 
2767.779020 17.325000 0.014553 0.501501 
2767.780080 17.319000 0.014553 0.501632 
2767.784530 17.284000 0.015876 0.502181 
2767.785570 17.283000 0.014553 0.502309 
2767.788790 17.255000 0.014553 0.502706 
2767.789850 17.264000 0.014553 0.502837 
2767.794830 17.219000 0.014553 0.503451 
2767.795980 17.207000 0.014553 0.503592 
2767.797320 17.203000 0.014553 0.503758 
2767.798370 17.192000 0.015876 0.503887 
2767.799540 17.193000 0.013230 0.504031 
3107.713556 16.836359 0.003290 0.410247 
3107.740734 16.837081 0.002502 0.413598 
3107.770040 16.838917 0.002673 0.417211 
3107.796168 16.835495 0.002741 0.420432 
3107.823245 16.835000 0.002569 0.423770 
3107.851966 16.826993 0.002885 0.427311 
3107.880692 16.832064 0.002843 0.430853 
3107.909315 16.831033 0.003650 0.434381 
3108.805727 16.838083 0.002673 0.544895 
3108.832374 16.838500 0.002673 0.548181 
3108.859591 16.836786 0.002475 0.551536 
3108.886749 16.838714 0.002475 0.554884 
3108.911878 16.837409 0.002831 0.557982 
3108.929470 16.828000 0.010584 0.560151 
3146.573808 16.828833 0.004861 0.201124 
3146.603279 16.828329 0.004222 0.204757 
3146.634356 16.829231 0.002960 0.208589 
3146.667477 16.831034 0.002696 0.212672 
3146.691513 16.833573 0.002807 0.215635 
3146.718769 16.827763 0.003063 0.218995 
3146.745592 16.829167 0.002995 0.222302 
3147.616254 16.842744 0.005990 0.329642 
3150.595944 16.829547 0.005225 0.696992 
3150.607210 16.833000 0.008420 0.698381 
3150.793062 16.833000 0.003274 0.721294 
3150.808360 16.820000 0.009261 0.723180 
3151.802228 16.827748 0.005212 0.845709 
3152.630991 16.838727 0.002393 0.947882 
3153.581200 16.831816 0.002683 0.065029 
3153.606865 16.837676 0.003814 0.068193 
3154.642173 16.826503 0.004793 0.195830 
3154.667315 16.827446 0.003146 0.198930 
3154.695335 16.826849 0.003067 0.202384 
3154.725734 16.828652 0.003142 0.206132 
3154.757339 16.829079 0.003028 0.210029 
3154.784348 16.826435 0.003180 0.213358 
3154.813526 16.824122 0.005138 0.216956 
3202.475702 16.838597 0.004599 0.092975 
3202.551484 16.840667 0.002673 0.102318 
3202.568005 16.840500 0.006549 0.104355 
3205.484026 16.834533 0.002391 0.463856 
3205.502815 16.836333 0.002391 0.466172 
3205.522860 16.835800 0.002391 0.468643 
3205.541680 16.836533 0.002391 0.470964 
3205.563430 16.835977 0.002349 0.473645 
3205.587857 16.836133 0.002391 0.476656 
3205.606320 16.834667 0.003087 0.478933 
3205.615790 16.839000 0.009261 0.480100 
3205.616720 16.832000 0.009261 0.480215 
3205.617650 16.833000 0.009261 0.480330 
3205.618580 16.843000 0.009261 0.480444 
3205.619510 16.829000 0.009261 0.480559 
3205.623920 16.830000 0.009261 0.481103 
3205.624860 16.831000 0.009261 0.481218 
3205.625790 16.835000 0.009261 0.481333 
3205.626720 16.837000 0.009261 0.481448 
3205.627650 16.839000 0.009261 0.481562 
3205.631820 16.836000 0.009261 0.482077 
3205.632760 16.835000 0.007938 0.482192 
3205.633690 16.833000 0.009261 0.482307 
3205.634620 16.841000 0.009261 0.482422 
3205.635550 16.835000 0.009261 0.482536 
3205.640370 16.846000 0.009261 0.483131 
3205.642030 16.819000 0.007938 0.483335 
3205.642960 16.834000 0.009261 0.483450 
3205.643890 16.836000 0.009261 0.483565 
3205.648130 16.835000 0.009261 0.484087 
3205.649060 16.835000 0.009261 0.484202 
3205.649990 16.836000 0.009261 0.484317 
3205.650920 16.838000 0.009261 0.484431 
3205.651850 16.839000 0.009261 0.484546 
3205.656800 16.836000 0.009261 0.485156 
3205.657730 16.840000 0.009261 0.485271 
3205.658660 16.837000 0.009261 0.485385 
3205.659590 16.835000 0.009261 0.485500 
3205.660520 16.833000 0.009261 0.485615 
3205.665670 16.831000 0.009261 0.486250 
3205.666600 16.837000 0.009261 0.486364 
3205.667540 16.836000 0.009261 0.486480 
3205.668470 16.843000 0.009261 0.486595 
3205.669400 16.848000 0.009261 0.486710 
3205.674780 16.857000 0.009261 0.487373 
3205.675710 16.853000 0.009261 0.487487 
3205.676650 16.856000 0.009261 0.487603 
3205.677580 16.860000 0.009261 0.487718 
3205.678510 16.860000 0.009261 0.487833 
3205.683650 16.877000 0.009261 0.488466 
3205.684580 16.890000 0.009261 0.488581 
3205.685520 16.891000 0.009261 0.488697 
3205.686450 16.889000 0.009261 0.488812 
3205.687380 16.892000 0.010584 0.488926 
3205.692120 16.913000 0.009261 0.489511 
3205.693050 16.914000 0.009261 0.489625 
3205.693980 16.915000 0.009261 0.489740 
3205.694910 16.923000 0.009261 0.489855 
3205.695840 16.917000 0.009261 0.489969 
3205.701040 16.951000 0.009261 0.490610 
3205.701970 16.952000 0.009261 0.490725 
3205.702900 16.964000 0.009261 0.490840 
3205.703830 16.969000 0.009261 0.490954 
3205.704760 16.975000 0.009261 0.491069 
3205.710250 17.002000 0.009261 0.491746 
3205.711180 17.015000 0.010584 0.491860 
3205.712120 17.012000 0.009261 0.491976 
3205.713050 17.008000 0.010584 0.492091 
3205.713980 17.018000 0.009261 0.492206 
3205.720030 17.055000 0.010584 0.492951 
3205.720960 17.066000 0.009261 0.493066 
3205.721890 17.073000 0.009261 0.493181 
3205.722820 17.071000 0.010584 0.493295 
3205.723760 17.073000 0.009261 0.493411 
3205.731700 17.131000 0.011907 0.494390 
3205.732680 17.128000 0.011907 0.494511 
3205.733670 17.155000 0.011907 0.494633 
3205.734660 17.155000 0.011907 0.494755 
3205.735650 17.155000 0.013230 0.494877 
3857.876414 16.830826 0.006688 0.893891 
3858.601290 16.838000 0.010584 0.983257 
3858.603360 16.835000 0.010584 0.983513 
3858.604410 16.839000 0.010584 0.983642 
3858.605460 16.830000 0.009261 0.983771 
3858.606510 16.829000 0.007938 0.983901 
3858.640920 16.880000 0.007938 0.988143 
3858.688190 17.168000 0.011907 0.993971 
3858.710030 17.361000 0.013230 0.996663 
3858.716750 17.432000 0.017199 0.997492 
3858.722360 17.483000 0.013230 0.998183 
3858.723960 17.498000 0.015876 0.998381 
3858.725010 17.497000 0.015876 0.998510 
3858.726060 17.508000 0.015876 0.998640 
3858.727110 17.522000 0.015876 0.998769 
3858.737960 17.540000 0.015876 0.000107 
3858.739390 17.521000 0.013230 0.000283 
3858.740440 17.530000 0.014553 0.000412 
3858.741480 17.532000 0.014553 0.000541 
3858.742530 17.523000 0.014553 0.000670 
3858.750610 17.464000 0.014553 0.001666 
3858.751920 17.467000 0.014553 0.001828 
3858.752970 17.445000 0.014553 0.001957 
3858.754020 17.433000 0.014553 0.002087 
3858.755060 17.426000 0.014553 0.002215 
3858.762680 17.361000 0.010584 0.003154 
3858.763610 17.353000 0.010584 0.003269 
3858.764790 17.334000 0.011907 0.003414 
3858.765720 17.331000 0.011907 0.003529 
3858.766660 17.313000 0.011907 0.003645 
3858.778720 17.213000 0.013230 0.005132 
3858.780080 17.182000 0.013230 0.005299 
3858.781130 17.185000 0.013230 0.005429 
3858.782310 17.168000 0.013230 0.005574 
3858.783350 17.160000 0.013230 0.005703 
3858.791170 17.098000 0.013230 0.006667 
3858.792710 17.076000 0.013230 0.006857 
3858.793760 17.079000 0.014553 0.006986 
3858.794980 17.052000 0.013230 0.007136 
3858.796030 17.050000 0.014553 0.007266 
3858.816300 16.942000 0.011907 0.009765 
3858.817350 16.927000 0.013230 0.009894 
3858.819660 16.915000 0.013230 0.010179 
3858.820820 16.913000 0.014553 0.010322 
3858.822570 16.899000 0.011907 0.010538 
3858.826100 16.881000 0.013230 0.010973 
3858.827150 16.876000 0.013230 0.011102 
3858.828200 16.875000 0.013230 0.011232 
3859.699208 16.821732 0.005448 0.118614 
3859.720658 16.831094 0.003757 0.121258 
3859.756027 16.832708 0.002923 0.125619 
3859.779607 16.832437 0.003276 0.128526 
3859.807358 16.832357 0.002913 0.131947 
3859.831294 16.832352 0.003011 0.134898 
3859.860194 16.827688 0.004583 0.138461 
3859.880480 16.819599 0.007392 0.140962 
3887.564512 16.834640 0.003273 0.553981 
3887.594219 16.837214 0.003190 0.557644 
3887.621458 16.835120 0.003339 0.561002 
3887.641147 16.839000 0.004631 0.563429 
3911.518280 17.022000 0.013230 0.507116 
3911.531930 16.946000 0.011907 0.508798 
3911.538970 16.905000 0.010584 0.509666 
3911.541990 16.905000 0.011907 0.510039 
3911.543630 16.895000 0.013230 0.510241 
3911.545180 16.893000 0.013230 0.510432 
3911.546970 16.895000 0.011907 0.510653 
3911.550220 16.874000 0.013230 0.511053 
3911.552130 16.864000 0.013230 0.511289 
3911.555260 16.858000 0.013230 0.511675 
3911.556760 16.861000 0.011907 0.511860 
3911.558240 16.846000 0.013230 0.512042 
3911.561160 16.843000 0.011907 0.512402 
3911.562700 16.844000 0.010584 0.512592 
3911.564230 16.837000 0.010584 0.512780 
3911.565780 16.836000 0.011907 0.512972 
3911.567210 16.831000 0.011907 0.513148 
3911.568640 16.836000 0.011907 0.513324 
3911.570300 16.836000 0.011907 0.513529 
3911.571780 16.831000 0.011907 0.513711 
3911.573200 16.830000 0.011907 0.513886 
3911.574730 16.832000 0.010584 0.514075 
3911.576190 16.825000 0.010584 0.514255 
3911.577570 16.826000 0.010584 0.514425 
3911.579600 16.833000 0.019845 0.514675 
3911.582280 16.828000 0.019845 0.515006 
3911.584340 16.831000 0.009261 0.515260 
3911.585780 16.830000 0.011907 0.515437 
3911.587290 16.838000 0.010584 0.515623 
3911.589550 16.832000 0.018522 0.515902 
3911.591500 16.823000 0.007938 0.516142 
3911.592900 16.840000 0.009261 0.516315 
3911.594410 16.837000 0.010584 0.516501 
3911.596020 16.841000 0.009261 0.516700 
3911.597510 16.828000 0.009261 0.516883 
3911.598870 16.825000 0.010584 0.517051 
3911.600970 16.832000 0.018522 0.517310 
3911.603160 16.836000 0.009261 0.517580 
3911.604700 16.828000 0.009261 0.517770 
3911.606060 16.835000 0.009261 0.517937 
3911.607690 16.831000 0.010584 0.518138 
3911.609790 16.825000 0.013230 0.518397 
3911.612020 16.831000 0.011907 0.518672 
3911.613860 16.834000 0.010584 0.518899 
3911.647036 16.825724 0.003207 0.522989 
3911.669891 16.825387 0.002682 0.525807 
3911.690536 16.835509 0.007138 0.528352 
3912.463825 16.825820 0.002990 0.623687 
3912.496782 16.832273 0.003191 0.627750 
3912.526807 16.837134 0.003241 0.631451 
3912.553288 16.836083 0.002673 0.634716 
3912.582323 16.832692 0.002569 0.638296 
3912.613247 16.832077 0.002569 0.642108 
3912.640352 16.834000 0.002792 0.645450 
3912.667713 16.833364 0.002792 0.648823 
3912.696742 16.832000 0.003087 0.652402 
3912.726486 16.828627 0.002811 0.656069 
3912.755800 16.828741 0.002687 0.659683 
3914.600910 16.839179 0.003061 0.887157 
3914.628701 16.840661 0.003576 0.890583 
4302.587749 16.828975 0.002392 0.720019 
4623.621055 16.840312 0.008156 0.298531 
4623.644876 16.838344 0.007392 0.301468 
4623.713055 16.836880 0.004440 0.309874 
4623.733385 16.833458 0.004508 0.312380 
4624.539251 16.845512 0.004149 0.411731 
4624.572602 16.846555 0.005313 0.415843 
4624.600530 16.846816 0.004149 0.419286 
4624.629488 16.847312 0.003873 0.422856 
4624.661953 16.845991 0.003151 0.426858 
4624.691088 16.847124 0.002973 0.430450 
4624.721972 16.844753 0.004530 0.434258 
4624.744383 16.848726 0.003397 0.437021 
4629.611187 16.844954 0.002120 0.037023 
4629.626220 16.846398 0.002312 0.038877 
4629.640675 16.850000 0.007484 0.040659 
4629.680905 16.842784 0.005569 0.045619 
4653.492820 16.838000 0.011907 0.981265 
4653.495080 16.831000 0.011907 0.981543 
4653.496510 16.841000 0.011907 0.981720 
4653.497930 16.836000 0.011907 0.981895 
4653.499350 16.836000 0.011907 0.982070 
4653.500870 16.836000 0.011907 0.982257 
4653.503250 16.832000 0.013230 0.982550 
4653.504670 16.834000 0.011907 0.982726 
4653.506080 16.840000 0.011907 0.982899 
4653.507500 16.835000 0.011907 0.983074 
4653.508920 16.839000 0.011907 0.983249 
4653.518310 16.832000 0.011907 0.984407 
4653.524020 16.830000 0.013230 0.985111 
4653.525440 16.824000 0.013230 0.985286 
4653.526850 16.828000 0.011907 0.985460 
4653.528270 16.842000 0.011907 0.985635 
4653.538620 16.851000 0.011907 0.986911 
4653.542350 16.855000 0.011907 0.987371 
4653.543770 16.865000 0.011907 0.987546 
4653.545190 16.867000 0.011907 0.987721 
4653.546610 16.874000 0.013230 0.987896 
4656.492577 16.840766 0.003562 0.351089 
4656.519220 16.840750 0.005953 0.354374 
4656.555458 16.840767 0.003779 0.358841 
4656.581713 16.840961 0.004599 0.362078 
4656.626599 16.835671 0.004036 0.367612 
4656.653077 16.839737 0.004508 0.370876 
4656.692776 16.832854 0.004020 0.375770 
4656.736735 16.819224 0.005089 0.381190 
4656.763058 16.830971 0.004799 0.384435 
4969.594245 16.827428 0.002232 0.951751 
4969.624994 16.831464 0.002221 0.955542 
4969.653095 16.831750 0.001910 0.959007 
4969.680555 16.830091 0.001995 0.962392 
4969.708545 16.830429 0.001768 0.965843 
4969.740844 16.826000 0.001835 0.969825 
4969.770484 16.824824 0.001978 0.973479 
4969.797293 16.823222 0.002205 0.976784 
4969.815810 16.827000 0.005613 0.979067 
4969.824970 16.828000 0.007938 0.980196 
4969.826090 16.818000 0.007938 0.980334 
4969.827210 16.837000 0.007938 0.980472 
4969.828320 16.828000 0.007938 0.980609 
4969.829440 16.828000 0.007938 0.980747 
4969.837460 16.817000 0.007938 0.981736 
4969.839810 16.817000 0.009261 0.982026 
4969.841600 16.813000 0.007938 0.982246 
4969.842720 16.823000 0.007938 0.982384 
4969.843840 16.834000 0.007938 0.982522 
4969.844960 16.815000 0.007938 0.982661 
4969.851480 16.820000 0.007938 0.983464 
4969.852600 16.835000 0.007938 0.983602 
4969.853720 16.818000 0.007938 0.983741 
4969.854840 16.830000 0.007938 0.983879 
4969.855960 16.835000 0.007938 0.984017 
4969.857150 16.827000 0.007938 0.984163 
4969.859010 16.819000 0.007938 0.984393 
4969.869260 16.810000 0.007938 0.985656 
4969.871410 16.826000 0.009261 0.985921 
4969.872530 16.822000 0.009261 0.986060 
4969.878680 16.839000 0.007938 0.986818 
4969.880920 16.841000 0.009261 0.987094 
4969.882040 16.847000 0.007938 0.987232 
4969.883160 16.836000 0.007938 0.987370 
4969.890190 16.889000 0.007938 0.988237 
4969.891310 16.884000 0.007938 0.988375 
4969.892420 16.871000 0.007938 0.988512 
4969.893540 16.885000 0.007938 0.988650 
4969.894660 16.898000 0.009261 0.988788 
4969.900920 16.934000 0.007938 0.989560 
4969.902040 16.925000 0.007938 0.989698 
4969.903170 16.929000 0.007938 0.989837 
4969.904300 16.925000 0.009261 0.989976 
4969.905420 16.927000 0.009261 0.990114 