						
-1.00020E+0	1.83830E+4	1.72914E-1	4.98489E+0	3.39404E+0	2.87282E+4	1.95600E+4
-9.99600E-1	1.83890E+4	1.73348E-1	4.98489E+0	3.39441E+0	2.86563E+4	1.95132E+4
-9.95200E-1	1.83920E+4	1.73696E-1	4.98484E+0	3.39426E+0	2.85985E+4	1.94732E+4
-9.89500E-1	1.83950E+4	1.73933E-1	4.98494E+0	3.39401E+0	2.85601E+4	1.94452E+4
-9.83100E-1	1.83960E+4	1.73954E-1	4.98496E+0	3.39382E+0	2.85568E+4	1.94419E+4
-9.76200E-1	1.83990E+4	1.74950E-1	4.98533E+0	3.39390E+0	2.83963E+4	1.93316E+4
-9.69200E-1	1.84030E+4	1.75184E-1	4.98567E+0	3.39412E+0	2.83603E+4	1.93070E+4
-9.62200E-1	1.84040E+4	1.75908E-1	4.98569E+0	3.39381E+0	2.82436E+4	1.92257E+4
-9.55200E-1	1.84060E+4	1.76644E-1	4.98579E+0	3.39344E+0	2.81265E+4	1.91436E+4
-9.48600E-1	1.84080E+4	1.77661E-1	4.98566E+0	3.39352E+0	2.79648E+4	1.90344E+4
-9.41400E-1	1.84090E+4	1.78581E-1	4.98579E+0	3.39349E+0	2.78215E+4	1.89362E+4
-9.35000E-1	1.84150E+4	1.78695E-1	4.98592E+0	3.39331E+0	2.78045E+4	1.89231E+4
-9.27800E-1	1.84160E+4	1.79116E-1	4.98610E+0	3.39320E+0	2.77401E+4	1.88780E+4
-9.20800E-1	1.84180E+4	1.79622E-1	4.98608E+0	3.39298E+0	2.76619E+4	1.88236E+4
-9.13900E-1	1.84200E+4	1.80072E-1	4.98621E+0	3.39303E+0	2.75934E+4	1.87768E+4
-9.07200E-1	1.84260E+4	1.80829E-1	4.98657E+0	3.39325E+0	2.74798E+4	1.86994E+4
-9.00300E-1	1.84270E+4	1.81350E-1	4.98633E+0	3.39318E+0	2.73997E+4	1.86454E+4
-8.93100E-1	1.84280E+4	1.81946E-1	4.98642E+0	3.39307E+0	2.73104E+4	1.85837E+4
-8.86200E-1	1.84300E+4	1.82463E-1	4.98637E+0	3.39281E+0	2.72327E+4	1.85296E+4
-8.79500E-1	1.84350E+4	1.82974E-1	4.98658E+0	3.39300E+0	2.71578E+4	1.84789E+4
-8.72400E-1	1.84350E+4	1.84070E-1	4.98685E+0	3.39312E+0	2.69976E+4	1.83695E+4
-8.65300E-1	1.84370E+4	1.84277E-1	4.98677E+0	3.39276E+0	2.69669E+4	1.83469E+4
-8.58700E-1	1.84380E+4	1.84485E-1	4.98681E+0	3.39271E+0	2.69366E+4	1.83260E+4
-8.51600E-1	1.84440E+4	1.84924E-1	4.98715E+0	3.39304E+0	2.68745E+4	1.82842E+4
-8.44600E-1	1.84430E+4	1.85072E-1	4.98724E+0	3.39309E+0	2.68535E+4	1.82699E+4
-8.37900E-1	1.84490E+4	1.86150E-1	4.98700E+0	3.39279E+0	2.66968E+4	1.81625E+4
-8.31000E-1	1.84510E+4	1.86574E-1	4.98709E+0	3.39287E+0	2.66365E+4	1.81216E+4
-8.23900E-1	1.84490E+4	1.87494E-1	4.98727E+0	3.39259E+0	2.65067E+4	1.80312E+4
-8.16800E-1	1.84530E+4	1.87398E-1	4.98750E+0	3.39255E+0	2.65215E+4	1.80402E+4
-8.10200E-1	1.84530E+4	1.87909E-1	4.98752E+0	3.39273E+0	2.64495E+4	1.79921E+4
-8.03200E-1	1.84600E+4	1.89007E-1	4.98764E+0	3.39265E+0	2.62966E+4	1.78872E+4
-7.96100E-1	1.84610E+4	1.89044E-1	4.98760E+0	3.39219E+0	2.62911E+4	1.78813E+4
-7.89600E-1	1.84610E+4	1.89773E-1	4.98777E+0	3.39216E+0	2.61911E+4	1.78124E+4
-7.82500E-1	1.84660E+4	1.90722E-1	4.98821E+0	3.39248E+0	2.60630E+4	1.77254E+4
-7.75500E-1	1.84690E+4	1.90961E-1	4.98829E+0	3.39230E+0	2.60309E+4	1.77024E+4
-7.68800E-1	1.84690E+4	1.91961E-1	4.98824E+0	3.39188E+0	2.58950E+4	1.76080E+4
-7.61800E-1	1.84720E+4	1.92531E-1	4.98820E+0	3.39203E+0	2.58181E+4	1.75566E+4
-7.54700E-1	1.84710E+4	1.92686E-1	4.98833E+0	3.39197E+0	2.57981E+4	1.75422E+4
-7.47700E-1	1.84740E+4	1.93151E-1	4.98838E+0	3.39152E+0	2.57361E+4	1.74976E+4
-7.41000E-1	1.84770E+4	1.93983E-1	4.98847E+0	3.39191E+0	2.56262E+4	1.74245E+4
-7.34000E-1	1.84790E+4	1.94650E-1	4.98868E+0	3.39176E+0	2.55395E+4	1.73641E+4
-7.27000E-1	1.84800E+4	1.95189E-1	4.98849E+0	3.39162E+0	2.54680E+4	1.73154E+4
-7.20300E-1	1.84840E+4	1.95650E-1	4.98875E+0	3.39181E+0	2.54094E+4	1.72756E+4
-7.13300E-1	1.84840E+4	1.96239E-1	4.98877E+0	3.39160E+0	2.53331E+4	1.72227E+4
-7.06200E-1	1.84880E+4	1.96448E-1	4.98898E+0	3.39184E+0	2.53073E+4	1.72056E+4
-6.99600E-1	1.84890E+4	1.97519E-1	4.98896E+0	3.39176E+0	2.51700E+4	1.71119E+4
-6.92400E-1	1.84930E+4	1.97791E-1	4.98919E+0	3.39194E+0	2.51365E+4	1.70892E+4
-6.85500E-1	1.84940E+4	1.98103E-1	4.98910E+0	3.39159E+0	2.50964E+4	1.70606E+4
-6.78300E-1	1.84950E+4	1.98754E-1	4.98918E+0	3.39149E+0	2.50147E+4	1.70043E+4
-6.71700E-1	1.84990E+4	1.99077E-1	4.98929E+0	3.39152E+0	2.49747E+4	1.69768E+4
-6.64600E-1	1.85000E+4	1.99627E-1	4.98924E+0	3.39150E+0	2.49056E+4	1.69299E+4
-6.57400E-1	1.85030E+4	2.00630E-1	4.98932E+0	3.39107E+0	2.47815E+4	1.68432E+4
-6.50900E-1	1.85030E+4	2.01339E-1	4.98938E+0	3.39126E+0	2.46945E+4	1.67847E+4
-6.43800E-1	1.85050E+4	2.01675E-1	4.98987E+0	3.39106E+0	2.46559E+4	1.67558E+4
-6.36800E-1	1.85070E+4	2.02520E-1	4.98967E+0	3.39115E+0	2.45520E+4	1.66863E+4
-6.29700E-1	1.85100E+4	2.02740E-1	4.98978E+0	3.39136E+0	2.45258E+4	1.66692E+4
-6.23200E-1	1.85110E+4	2.02648E-1	4.98975E+0	3.39131E+0	2.45368E+4	1.66766E+4
-6.16000E-1	1.85120E+4	2.02721E-1	4.98978E+0	3.39112E+0	2.45281E+4	1.66696E+4
-6.08900E-1	1.85140E+4	2.03734E-1	4.98979E+0	3.39102E+0	2.44062E+4	1.65863E+4
-6.02300E-1	1.85190E+4	2.04202E-1	4.98970E+0	3.39095E+0	2.43498E+4	1.65479E+4
-5.95300E-1	1.85210E+4	2.04753E-1	4.98984E+0	3.39110E+0	2.42851E+4	1.65041E+4
-5.88300E-1	1.85220E+4	2.05835E-1	4.99003E+0	3.39103E+0	2.41583E+4	1.64170E+4
-5.81600E-1	1.85230E+4	2.06398E-1	4.98997E+0	3.39112E+0	2.40921E+4	1.63727E+4
-5.74600E-1	1.85240E+4	2.06507E-1	4.99029E+0	3.39135E+0	2.40809E+4	1.63651E+4
-5.67500E-1	1.85290E+4	2.07068E-1	4.99031E+0	3.39097E+0	2.40157E+4	1.63189E+4
-5.60400E-1	1.85270E+4	2.08344E-1	4.99039E+0	3.39107E+0	2.38690E+4	1.62195E+4
-5.53700E-1	1.85300E+4	2.08274E-1	4.99033E+0	3.39112E+0	2.38767E+4	1.62251E+4
-5.46700E-1	1.85320E+4	2.08913E-1	4.99036E+0	3.39106E+0	2.38039E+4	1.61753E+4
-5.39600E-1	1.85360E+4	2.09862E-1	4.99057E+0	3.39092E+0	2.36972E+4	1.61015E+4
-5.32600E-1	1.85340E+4	2.09986E-1	4.99067E+0	3.39075E+0	2.36837E+4	1.60912E+4
-5.25600E-1	1.85380E+4	2.10367E-1	4.99065E+0	3.39059E+0	2.36407E+4	1.60612E+4
-5.19000E-1	1.85380E+4	2.11617E-1	4.99073E+0	3.39078E+0	2.35015E+4	1.59673E+4
-5.11800E-1	1.85420E+4	2.12074E-1	4.99064E+0	3.39059E+0	2.34504E+4	1.59320E+4
-5.04800E-1	1.85440E+4	2.12069E-1	4.99059E+0	3.39046E+0	2.34508E+4	1.59318E+4
-4.98200E-1	1.85450E+4	2.13324E-1	4.99056E+0	3.39061E+0	2.33127E+4	1.58387E+4
-4.91200E-1	1.85480E+4	2.13881E-1	4.99074E+0	3.39059E+0	2.32528E+4	1.57974E+4
-4.84200E-1	1.85500E+4	2.13878E-1	4.99066E+0	3.39052E+0	2.32527E+4	1.57973E+4
-4.77100E-1	1.85510E+4	2.15240E-1	4.99105E+0	3.39093E+0	2.31074E+4	1.56992E+4
-4.70400E-1	1.85530E+4	2.15354E-1	4.99093E+0	3.39075E+0	2.30945E+4	1.56900E+4
-4.63300E-1	1.85560E+4	2.16034E-1	4.99094E+0	3.39050E+0	2.30219E+4	1.56395E+4
-4.56200E-1	1.85570E+4	2.16433E-1	4.99121E+0	3.39065E+0	2.29808E+4	1.56114E+4
-4.49600E-1	1.85570E+4	2.17343E-1	4.99106E+0	3.39057E+0	2.28839E+4	1.55456E+4
-4.42500E-1	1.85570E+4	2.17819E-1	4.99091E+0	3.39043E+0	2.28332E+4	1.55111E+4
-4.35500E-1	1.85600E+4	2.18322E-1	4.99101E+0	3.39030E+0	2.27810E+4	1.54747E+4
-4.29000E-1	1.85640E+4	2.18818E-1	4.99135E+0	3.39049E+0	2.27309E+4	1.54405E+4
-4.21800E-1	1.85640E+4	2.19613E-1	4.99128E+0	3.39029E+0	2.26483E+4	1.53837E+4
-4.14700E-1	1.85690E+4	2.20040E-1	4.99141E+0	3.39036E+0	2.26049E+4	1.53541E+4
-4.07700E-1	1.85700E+4	2.20095E-1	4.99173E+0	3.39016E+0	2.26007E+4	1.53494E+4
-4.00700E-1	1.85730E+4	2.20416E-1	4.99173E+0	3.39005E+0	2.25679E+4	1.53266E+4
-3.94000E-1	1.85720E+4	2.21486E-1	4.99159E+0	3.39007E+0	2.24582E+4	1.52526E+4
-3.87000E-1	1.85740E+4	2.22167E-1	4.99170E+0	3.39012E+0	2.23898E+4	1.52061E+4
-3.79900E-1	1.85760E+4	2.22469E-1	4.99186E+0	3.39011E+0	2.23602E+4	1.51854E+4
-3.73400E-1	1.85790E+4	2.23660E-1	4.99190E+0	3.39001E+0	2.22413E+4	1.51041E+4
-3.66200E-1	1.85780E+4	2.23614E-1	4.99191E+0	3.38992E+0	2.22459E+4	1.51068E+4
-3.59100E-1	1.85840E+4	2.23866E-1	4.99142E+0	3.38988E+0	2.22186E+4	1.50896E+4
-3.52100E-1	1.85810E+4	2.22987E-1	4.98727E+0	3.39461E+0	2.22877E+4	1.51702E+4
-3.45500E-1	1.85830E+4	2.23631E-1	4.98652E+0	3.39598E+0	2.22201E+4	1.51326E+4
-3.38500E-1	1.85860E+4	2.24281E-1	4.98691E+0	3.39568E+0	2.21575E+4	1.50874E+4
-3.31200E-1	1.85860E+4	2.24945E-1	4.98725E+0	3.39554E+0	2.20936E+4	1.50423E+4
-3.24500E-1	1.85900E+4	2.25203E-1	4.98697E+0	3.39529E+0	2.20671E+4	1.50240E+4
-3.17500E-1	1.85890E+4	2.25727E-1	4.98699E+0	3.39570E+0	2.20159E+4	1.49909E+4
-3.10400E-1	1.85890E+4	2.26337E-1	4.98730E+0	3.39565E+0	2.19580E+4	1.49503E+4
-3.03400E-1	1.85910E+4	2.26914E-1	4.98758E+0	3.39541E+0	2.19033E+4	1.49112E+4
-2.96800E-1	1.85940E+4	2.27191E-1	4.98737E+0	3.39559E+0	2.18757E+4	1.48938E+4
-2.89700E-1	1.85990E+4	2.27761E-1	4.98739E+0	3.39576E+0	2.18210E+4	1.48573E+4
-2.82600E-1	1.85980E+4	2.28280E-1	4.98730E+0	3.39587E+0	2.17711E+4	1.48240E+4
-2.76100E-1	1.86010E+4	2.29441E-1	4.98718E+0	3.39544E+0	2.16603E+4	1.47471E+4
-2.69000E-1	1.86010E+4	2.29189E-1	4.98731E+0	3.39516E+0	2.16847E+4	1.47621E+4
-2.61900E-1	1.86040E+4	2.29744E-1	4.98751E+0	3.39553E+0	2.16332E+4	1.47281E+4
-2.54700E-1	1.86070E+4	2.30239E-1	4.98749E+0	3.39558E+0	2.15866E+4	1.46966E+4
-2.48300E-1	1.86050E+4	2.30741E-1	4.98740E+0	3.39530E+0	2.15393E+4	1.46634E+4
-2.41100E-1	1.86140E+4	2.31452E-1	4.98763E+0	3.39542E+0	2.14741E+4	1.46189E+4
-2.34100E-1	1.86130E+4	2.32694E-1	4.98790E+0	3.39562E+0	2.13606E+4	1.45417E+4
-2.27000E-1	1.86110E+4	2.32949E-1	4.98787E+0	3.39537E+0	2.13371E+4	1.45247E+4
-2.20600E-1	1.86120E+4	2.32933E-1	4.98794E+0	3.39542E+0	2.13389E+4	1.45259E+4
-2.13500E-1	1.86180E+4	2.33656E-1	4.98804E+0	3.39529E+0	2.12733E+4	1.44804E+4
-2.06300E-1	1.86180E+4	2.34755E-1	4.98787E+0	3.39528E+0	2.11730E+4	1.44126E+4
-1.99600E-1	1.86190E+4	2.34437E-1	4.98798E+0	3.39530E+0	2.12022E+4	1.44323E+4
-1.92600E-1	1.86200E+4	2.35033E-1	4.98785E+0	3.39498E+0	2.11478E+4	1.43943E+4
-1.85600E-1	1.86230E+4	2.35614E-1	4.98804E+0	3.39528E+0	2.10965E+4	1.43600E+4
-1.78600E-1	1.86270E+4	2.36409E-1	4.98801E+0	3.39506E+0	2.10254E+4	1.43108E+4
-1.72000E-1	1.86250E+4	2.36816E-1	4.98817E+0	3.39524E+0	2.09900E+4	1.42870E+4
-1.64900E-1	1.86280E+4	2.37975E-1	4.98835E+0	3.39533E+0	2.08885E+4	1.42178E+4
-1.57900E-1	1.86270E+4	2.37795E-1	4.98740E+0	3.39546E+0	2.09004E+4	1.42291E+4
-1.51100E-1	1.86300E+4	2.37369E-1	4.98621E+0	3.39836E+0	2.09328E+4	1.42668E+4
-1.44100E-1	1.86320E+4	2.38022E-1	4.98657E+0	3.39842E+0	2.08769E+4	1.42279E+4
-1.37100E-1	1.86370E+4	2.39334E-1	4.98650E+0	3.39849E+0	2.07622E+4	1.41502E+4
-1.30200E-1	1.86340E+4	2.39865E-1	4.98637E+0	3.39885E+0	2.07157E+4	1.41204E+4
-1.23500E-1	1.86400E+4	2.40700E-1	4.98651E+0	3.39869E+0	2.06444E+4	1.40708E+4
-1.16300E-1	1.86380E+4	2.41070E-1	4.98657E+0	3.39864E+0	2.06129E+4	1.40489E+4
-1.09300E-1	1.86430E+4	2.41788E-1	4.98647E+0	3.39815E+0	2.05514E+4	1.40052E+4
-1.02200E-1	1.86460E+4	2.42080E-1	4.98657E+0	3.39814E+0	2.05270E+4	1.39883E+4
-9.55000E-2	1.86470E+4	2.42774E-1	4.98669E+0	3.39802E+0	2.04688E+4	1.39478E+4
-8.85000E-2	1.86460E+4	2.43085E-1	4.98689E+0	3.39803E+0	2.04435E+4	1.39300E+4
-8.18000E-2	1.86490E+4	2.42730E-1	4.98729E+0	3.39739E+0	2.04749E+4	1.39477E+4
-7.50000E-2	1.86480E+4	2.43248E-1	4.98781E+0	3.39699E+0	2.04334E+4	1.39164E+4
-6.79000E-2	1.86530E+4	2.44214E-1	4.98788E+0	3.39714E+0	2.03529E+4	1.38619E+4
-6.06000E-2	1.86520E+4	2.44351E-1	4.98799E+0	3.39728E+0	2.03420E+4	1.38548E+4
-5.41000E-2	1.86580E+4	2.46034E-1	4.98817E+0	3.39708E+0	2.02036E+4	1.37592E+4
-4.72000E-2	1.86560E+4	2.45949E-1	4.98785E+0	3.39678E+0	2.02092E+4	1.37627E+4
-4.03000E-2	1.86570E+4	2.46370E-1	4.98816E+0	3.39684E+0	2.01760E+4	1.37394E+4
-3.31000E-2	1.86590E+4	2.46966E-1	4.98805E+0	3.39668E+0	2.01268E+4	1.37056E+4
-2.65000E-2	1.86620E+4	2.48170E-1	4.98839E+0	3.39691E+0	2.00306E+4	1.36401E+4
-1.93000E-2	1.86640E+4	2.49010E-1	4.98859E+0	3.39658E+0	1.99638E+4	1.35927E+4
-1.23000E-2	1.86630E+4	2.49209E-1	4.98854E+0	3.39663E+0	1.99476E+4	1.35821E+4
-5.30000E-3	1.86660E+4	2.49450E-1	4.98855E+0	3.39691E+0	1.99284E+4	1.35701E+4
1.10000E-3	1.86660E+4	2.49702E-1	4.98830E+0	3.39667E+0	1.99073E+4	1.35554E+4
3.60000E-3	1.86690E+4	2.50015E-1	4.98893E+0	3.39741E+0	1.98849E+4	1.35414E+4
4.20000E-3	1.86710E+4	2.50885E-1	4.98842E+0	3.39664E+0	1.98139E+4	1.34914E+4
3.50000E-3	1.86720E+4	2.49708E-1	4.98850E+0	3.39678E+0	1.99076E+4	1.35555E+4
2.30000E-3	1.86710E+4	2.50374E-1	4.98837E+0	3.39681E+0	1.98542E+4	1.35196E+4
8.00000E-4	1.86750E+4	2.49813E-1	4.98835E+0	3.39637E+0	1.98986E+4	1.35482E+4
