Name: Ryan
measurement station: King Louie
Sample: PST 442 H2
date: Friday, June 28, 2019
time: 2:42 PM
Comment: 
PST442 H2
8-Terminal Hall Bar
June 27th, 2019

Pushing current from 6 to A
Measuring Vxx from E to 9 using Agilent, GPIB 23
Measuring Vxy from 9 to B using Keysight 1, GPIB 22

Pushing a voltage of 100.0 mV at frequency 37.37Hz
Through divider of 1224:12
Reference resistance of 996.51 Ohms
Ref. resistance voltage measured using Keysight 2, GPIB 24

Ref. resistance:Rxx:Rxy sensitivities are 1:1:0.05
Sweeping magnetic field from 14 to 5T at 0.1 T/min
Start Value B: 14.000000
End Value B: 5.000000
---------						
B field / T	Temperature (Ohm)	I-Keysight 01	Uxx-Keysight 02	Uxy- Ag1 Ch1	Rxx	Rxy
						
1.40000E+1	2.20410E+4	3.18277E+0	5.26864E+0	1.06363E+0	1.64959E+3	3.33017E+2
1.39973E+1	2.20420E+4	3.18072E+0	5.26882E+0	1.06365E+0	1.65070E+3	3.33239E+2
1.39908E+1	2.20420E+4	3.18050E+0	5.26894E+0	1.06353E+0	1.65086E+3	3.33225E+2
1.39834E+1	2.20390E+4	3.17827E+0	5.26922E+0	1.06353E+0	1.65211E+3	3.33459E+2
1.39755E+1	2.20440E+4	3.17642E+0	5.26969E+0	1.06346E+0	1.65321E+3	3.33629E+2
1.39671E+1	2.20370E+4	3.17424E+0	5.26986E+0	1.06342E+0	1.65440E+3	3.33846E+2
1.39591E+1	2.20410E+4	3.17396E+0	5.27026E+0	1.06326E+0	1.65467E+3	3.33826E+2
1.39510E+1	2.20410E+4	3.17031E+0	5.27061E+0	1.06323E+0	1.65669E+3	3.34200E+2
1.39425E+1	2.20430E+4	3.17018E+0	5.27111E+0	1.06317E+0	1.65691E+3	3.34196E+2
1.39342E+1	2.20420E+4	3.16775E+0	5.27130E+0	1.06303E+0	1.65824E+3	3.34408E+2
1.39260E+1	2.20390E+4	3.16515E+0	5.27149E+0	1.06295E+0	1.65967E+3	3.34658E+2
1.39178E+1	2.20410E+4	3.16406E+0	5.27183E+0	1.06288E+0	1.66034E+3	3.34751E+2
1.39090E+1	2.20430E+4	3.16244E+0	5.27224E+0	1.06284E+0	1.66133E+3	3.34909E+2
1.39009E+1	2.20400E+4	3.15999E+0	5.27264E+0	1.06276E+0	1.66274E+3	3.35145E+2
1.38926E+1	2.20420E+4	3.15739E+0	5.27287E+0	1.06266E+0	1.66418E+3	3.35389E+2
1.38842E+1	2.20450E+4	3.15717E+0	5.27320E+0	1.06256E+0	1.66440E+3	3.35380E+2
1.38757E+1	2.20440E+4	3.15507E+0	5.27364E+0	1.06251E+0	1.66565E+3	3.35587E+2
1.38673E+1	2.20430E+4	3.15387E+0	5.27403E+0	1.06244E+0	1.66640E+3	3.35693E+2
1.38591E+1	2.20430E+4	3.14913E+0	5.27433E+0	1.06235E+0	1.66901E+3	3.36170E+2
1.38502E+1	2.20400E+4	3.14825E+0	5.27468E+0	1.06225E+0	1.66959E+3	3.36233E+2
1.38419E+1	2.20430E+4	3.14667E+0	5.27498E+0	1.06218E+0	1.67052E+3	3.36378E+2
1.38333E+1	2.20420E+4	3.14616E+0	5.27529E+0	1.06214E+0	1.67089E+3	3.36421E+2
1.38250E+1	2.20420E+4	3.14386E+0	5.27562E+0	1.06200E+0	1.67221E+3	3.36622E+2
1.38166E+1	2.20390E+4	3.14113E+0	5.27596E+0	1.06193E+0	1.67378E+3	3.36894E+2
1.38084E+1	2.20410E+4	3.13913E+0	5.27637E+0	1.06191E+0	1.67497E+3	3.37100E+2
1.37996E+1	2.20400E+4	3.13471E+0	5.27669E+0	1.06185E+0	1.67744E+3	3.37557E+2
1.37912E+1	2.20450E+4	3.13405E+0	5.27687E+0	1.06169E+0	1.67785E+3	3.37578E+2
1.37826E+1	2.20400E+4	3.13421E+0	5.27738E+0	1.06163E+0	1.67792E+3	3.37542E+2
1.37743E+1	2.20390E+4	3.12977E+0	5.27747E+0	1.06148E+0	1.68033E+3	3.37973E+2
1.37660E+1	2.20430E+4	3.13037E+0	5.27788E+0	1.06141E+0	1.68014E+3	3.37886E+2
1.37578E+1	2.20450E+4	3.12732E+0	5.27817E+0	1.06136E+0	1.68187E+3	3.38200E+2
1.37492E+1	2.20450E+4	3.12782E+0	5.27856E+0	1.06121E+0	1.68173E+3	3.38098E+2
1.37409E+1	2.20400E+4	3.12216E+0	5.27903E+0	1.06123E+0	1.68493E+3	3.38716E+2
1.37321E+1	2.20410E+4	3.12197E+0	5.27907E+0	1.06109E+0	1.68504E+3	3.38692E+2
1.37239E+1	2.20420E+4	3.11937E+0	5.27968E+0	1.06109E+0	1.68664E+3	3.38974E+2
1.37155E+1	2.20430E+4	3.11734E+0	5.27972E+0	1.06094E+0	1.68775E+3	3.39148E+2
1.37072E+1	2.20430E+4	3.11745E+0	5.28026E+0	1.06087E+0	1.68786E+3	3.39112E+2
1.36985E+1	2.20420E+4	3.11483E+0	5.28075E+0	1.06084E+0	1.68944E+3	3.39388E+2
1.36901E+1	2.20440E+4	3.11236E+0	5.28088E+0	1.06065E+0	1.69082E+3	3.39596E+2
1.36818E+1	2.20440E+4	3.11015E+0	5.28122E+0	1.06059E+0	1.69213E+3	3.39818E+2
1.36731E+1	2.20410E+4	3.10699E+0	5.28169E+0	1.06056E+0	1.69400E+3	3.40156E+2
1.36649E+1	2.20430E+4	3.10703E+0	5.28207E+0	1.06044E+0	1.69410E+3	3.40113E+2
1.36566E+1	2.20410E+4	3.10327E+0	5.28235E+0	1.06038E+0	1.69624E+3	3.40504E+2
1.36478E+1	2.20430E+4	3.10168E+0	5.28261E+0	1.06033E+0	1.69720E+3	3.40663E+2
1.36395E+1	2.20440E+4	3.10079E+0	5.28309E+0	1.06023E+0	1.69784E+3	3.40730E+2
1.36313E+1	2.20420E+4	3.09906E+0	5.28310E+0	1.06011E+0	1.69879E+3	3.40881E+2
1.36229E+1	2.20420E+4	3.09644E+0	5.28356E+0	1.06001E+0	1.70038E+3	3.41138E+2
1.36142E+1	2.20400E+4	3.09685E+0	5.28389E+0	1.05995E+0	1.70026E+3	3.41071E+2
1.36058E+1	2.20420E+4	3.09310E+0	5.28439E+0	1.05990E+0	1.70249E+3	3.41472E+2
1.35975E+1	2.20420E+4	3.09170E+0	5.28465E+0	1.05981E+0	1.70334E+3	3.41594E+2
1.35889E+1	2.20450E+4	3.08955E+0	5.28491E+0	1.05971E+0	1.70461E+3	3.41800E+2
1.35806E+1	2.20420E+4	3.08772E+0	5.28538E+0	1.05964E+0	1.70577E+3	3.41981E+2
1.35723E+1	2.20460E+4	3.08688E+0	5.28562E+0	1.05953E+0	1.70631E+3	3.42037E+2
1.35640E+1	2.20440E+4	3.08551E+0	5.28600E+0	1.05945E+0	1.70719E+3	3.42166E+2
1.35551E+1	2.20420E+4	3.08335E+0	5.28634E+0	1.05939E+0	1.70849E+3	3.42384E+2
1.35471E+1	2.20410E+4	3.08127E+0	5.28665E+0	1.05930E+0	1.70975E+3	3.42586E+2
1.35386E+1	2.20450E+4	3.07747E+0	5.28703E+0	1.05925E+0	1.71198E+3	3.42995E+2
1.35299E+1	2.20420E+4	3.07584E+0	5.28727E+0	1.05914E+0	1.71297E+3	3.43139E+2
1.35216E+1	2.20400E+4	3.07531E+0	5.28774E+0	1.05905E+0	1.71342E+3	3.43171E+2
1.35133E+1	2.20430E+4	3.07100E+0	5.28769E+0	1.05892E+0	1.71580E+3	3.43608E+2
1.35046E+1	2.20430E+4	3.07072E+0	5.28839E+0	1.05891E+0	1.71618E+3	3.43636E+2
1.34963E+1	2.20440E+4	3.06618E+0	5.28865E+0	1.05883E+0	1.71881E+3	3.44122E+2
1.34880E+1	2.20420E+4	3.06515E+0	5.28889E+0	1.05867E+0	1.71947E+3	3.44183E+2
1.34797E+1	2.20400E+4	3.06406E+0	5.28935E+0	1.05870E+0	1.72023E+3	3.44316E+2
1.34709E+1	2.20430E+4	3.06259E+0	5.28961E+0	1.05856E+0	1.72114E+3	3.44435E+2
1.34625E+1	2.20420E+4	3.06086E+0	5.29009E+0	1.05850E+0	1.72227E+3	3.44610E+2
1.34544E+1	2.20440E+4	3.05869E+0	5.29042E+0	1.05839E+0	1.72360E+3	3.44819E+2
1.34456E+1	2.20440E+4	3.05617E+0	5.29079E+0	1.05831E+0	1.72514E+3	3.45079E+2
1.34374E+1	2.20450E+4	3.05485E+0	5.29111E+0	1.05833E+0	1.72599E+3	3.45233E+2
1.34291E+1	2.20440E+4	3.05114E+0	5.29142E+0	1.05827E+0	1.72819E+3	3.45634E+2
1.34204E+1	2.20450E+4	3.05144E+0	5.29177E+0	1.05812E+0	1.72814E+3	3.45552E+2
1.34121E+1	2.20440E+4	3.04776E+0	5.29202E+0	1.05801E+0	1.73030E+3	3.45931E+2
1.34039E+1	2.20450E+4	3.04591E+0	5.29238E+0	1.05794E+0	1.73147E+3	3.46118E+2
1.33955E+1	2.20440E+4	3.04596E+0	5.29279E+0	1.05790E+0	1.73158E+3	3.46100E+2
1.33867E+1	2.20440E+4	3.04474E+0	5.29304E+0	1.05782E+0	1.73236E+3	3.46214E+2
1.33785E+1	2.20460E+4	3.04276E+0	5.29330E+0	1.05765E+0	1.73357E+3	3.46382E+2
1.33701E+1	2.20460E+4	3.03978E+0	5.29370E+0	1.05758E+0	1.73540E+3	3.46698E+2
1.33615E+1	2.20460E+4	3.03771E+0	5.29410E+0	1.05751E+0	1.73671E+3	3.46914E+2
1.33531E+1	2.20450E+4	3.03680E+0	5.29457E+0	1.05743E+0	1.73739E+3	3.46991E+2
1.33449E+1	2.20450E+4	3.03390E+0	5.29479E+0	1.05737E+0	1.73912E+3	3.47302E+2
1.33366E+1	2.20430E+4	3.03298E+0	5.29522E+0	1.05727E+0	1.73979E+3	3.47375E+2
1.33278E+1	2.20410E+4	3.02873E+0	5.29541E+0	1.05715E+0	1.74229E+3	3.47823E+2
1.33196E+1	2.20430E+4	3.02737E+0	5.29574E+0	1.05714E+0	1.74319E+3	3.47976E+2
1.33113E+1	2.20450E+4	3.02660E+0	5.29620E+0	1.05702E+0	1.74378E+3	3.48024E+2
1.33025E+1	2.20410E+4	3.02457E+0	5.29641E+0	1.05692E+0	1.74502E+3	3.48224E+2
1.32942E+1	2.20410E+4	3.02225E+0	5.29681E+0	1.05686E+0	1.74649E+3	3.48472E+2
1.32858E+1	2.20410E+4	3.02134E+0	5.29703E+0	1.05669E+0	1.74708E+3	3.48521E+2
1.32771E+1	2.20450E+4	3.01802E+0	5.29729E+0	1.05661E+0	1.74910E+3	3.48878E+2
1.32688E+1	2.20430E+4	3.01724E+0	5.29761E+0	1.05652E+0	1.74965E+3	3.48941E+2
1.32607E+1	2.20440E+4	3.01575E+0	5.29824E+0	1.05653E+0	1.75073E+3	3.49114E+2
1.32517E+1	2.20420E+4	3.01233E+0	5.29840E+0	1.05642E+0	1.75276E+3	3.49475E+2
1.32436E+1	2.20420E+4	3.01030E+0	5.29865E+0	1.05633E+0	1.75403E+3	3.49681E+2
1.32352E+1	2.20440E+4	3.00715E+0	5.29932E+0	1.05630E+0	1.75609E+3	3.50036E+2
1.32266E+1	2.20450E+4	3.00603E+0	5.29942E+0	1.05620E+0	1.75678E+3	3.50135E+2
1.32182E+1	2.20410E+4	3.00465E+0	5.30003E+0	1.05615E+0	1.75779E+3	3.50281E+2
1.32099E+1	2.20430E+4	3.00338E+0	5.30018E+0	1.05606E+0	1.75858E+3	3.50396E+2
1.32017E+1	2.20390E+4	3.00218E+0	5.30048E+0	1.05586E+0	1.75938E+3	3.50469E+2
1.31928E+1	2.20400E+4	2.99986E+0	5.30088E+0	1.05584E+0	1.76088E+3	3.50734E+2
1.31846E+1	2.20440E+4	2.99732E+0	5.30114E+0	1.05573E+0	1.76245E+3	3.50996E+2
1.31763E+1	2.20390E+4	2.99546E+0	5.30164E+0	1.05569E+0	1.76371E+3	3.51199E+2
1.31675E+1	2.20430E+4	2.99393E+0	5.30186E+0	1.05555E+0	1.76469E+3	3.51333E+2
1.31593E+1	2.20400E+4	2.99272E+0	5.30212E+0	1.05547E+0	1.76549E+3	3.51447E+2
1.31509E+1	2.20400E+4	2.99032E+0	5.30253E+0	1.05535E+0	1.76704E+3	3.51690E+2
1.31426E+1	2.20430E+4	2.98775E+0	5.30285E+0	1.05532E+0	1.76867E+3	3.51984E+2
1.31340E+1	2.20430E+4	2.98603E+0	5.30341E+0	1.05531E+0	1.76988E+3	3.52183E+2
1.31256E+1	2.20420E+4	2.98344E+0	5.30352E+0	1.05515E+0	1.77145E+3	3.52435E+2
1.31174E+1	2.20400E+4	2.98276E+0	5.30413E+0	1.05508E+0	1.77206E+3	3.52491E+2
1.31086E+1	2.20420E+4	2.98173E+0	5.30451E+0	1.05506E+0	1.77280E+3	3.52606E+2
1.31003E+1	2.20420E+4	2.97780E+0	5.30480E+0	1.05492E+0	1.77523E+3	3.53025E+2
1.30920E+1	2.20420E+4	2.97665E+0	5.30494E+0	1.05479E+0	1.77597E+3	3.53117E+2
1.30834E+1	2.20410E+4	2.97431E+0	5.30533E+0	1.05467E+0	1.77749E+3	3.53356E+2
1.30750E+1	2.20430E+4	2.97314E+0	5.30581E+0	1.05469E+0	1.77835E+3	3.53501E+2
1.30668E+1	2.20410E+4	2.97115E+0	5.30598E+0	1.05456E+0	1.77960E+3	3.53695E+2
1.30581E+1	2.20390E+4	2.96820E+0	5.30647E+0	1.05451E+0	1.78154E+3	3.54028E+2
1.30498E+1	2.20410E+4	2.96895E+0	5.30682E+0	1.05443E+0	1.78120E+3	3.53913E+2
1.30416E+1	2.20400E+4	2.96445E+0	5.30695E+0	1.05431E+0	1.78395E+3	3.54409E+2
1.30332E+1	2.20420E+4	2.96311E+0	5.30733E+0	1.05423E+0	1.78488E+3	3.54544E+2
1.30244E+1	2.20410E+4	2.96125E+0	5.30759E+0	1.05410E+0	1.78609E+3	3.54722E+2
1.30161E+1	2.20430E+4	2.95964E+0	5.30801E+0	1.05402E+0	1.78721E+3	3.54889E+2
1.30078E+1	2.20420E+4	2.95723E+0	5.30848E+0	1.05396E+0	1.78882E+3	3.55157E+2
1.29996E+1	2.20380E+4	2.95510E+0	5.30875E+0	1.05390E+0	1.79020E+3	3.55392E+2
1.29907E+1	2.20390E+4	2.95294E+0	5.30920E+0	1.05385E+0	1.79166E+3	3.55637E+2
1.29824E+1	2.20360E+4	2.95204E+0	5.30947E+0	1.05375E+0	1.79230E+3	3.55712E+2
1.29742E+1	2.20380E+4	2.94895E+0	5.30987E+0	1.05366E+0	1.79431E+3	3.56055E+2
1.29655E+1	2.20390E+4	2.94965E+0	5.31016E+0	1.05357E+0	1.79399E+3	3.55937E+2
1.29571E+1	2.20370E+4	2.94515E+0	5.31031E+0	1.05346E+0	1.79678E+3	3.56444E+2
1.29489E+1	2.20390E+4	2.94563E+0	5.31083E+0	1.05341E+0	1.79666E+3	3.56370E+2
1.29401E+1	2.20380E+4	2.94151E+0	5.31102E+0	1.05331E+0	1.79924E+3	3.56834E+2
1.29318E+1	2.20400E+4	2.93948E+0	5.31135E+0	1.05325E+0	1.80060E+3	3.57063E+2
1.29234E+1	2.20380E+4	2.93790E+0	5.31164E+0	1.05306E+0	1.80166E+3	3.57190E+2
1.29147E+1	2.20370E+4	2.93720E+0	5.31212E+0	1.05301E+0	1.80225E+3	3.57258E+2
1.29065E+1	2.20360E+4	2.93372E+0	5.31207E+0	1.05291E+0	1.80438E+3	3.57647E+2
1.28982E+1	2.20370E+4	2.93179E+0	5.31263E+0	1.05284E+0	1.80575E+3	3.57857E+2
1.28893E+1	2.20390E+4	2.93049E+0	5.31315E+0	1.05279E+0	1.80673E+3	3.58000E+2
1.28812E+1	2.20390E+4	2.92845E+0	5.31338E+0	1.05266E+0	1.80807E+3	3.58205E+2
1.28729E+1	2.20360E+4	2.92609E+0	5.31386E+0	1.05262E+0	1.80969E+3	3.58479E+2
1.28645E+1	2.20390E+4	2.92378E+0	5.31426E+0	1.05258E+0	1.81126E+3	3.58750E+2
1.28558E+1	2.20370E+4	2.92487E+0	5.31447E+0	1.05247E+0	1.81065E+3	3.58578E+2
1.28474E+1	2.20390E+4	2.92070E+0	5.31504E+0	1.05243E+0	1.81343E+3	3.59079E+2
1.28391E+1	2.20390E+4	2.91739E+0	5.31502E+0	1.05226E+0	1.81548E+3	3.59426E+2
1.28309E+1	2.20380E+4	2.91594E+0	5.31555E+0	1.05216E+0	1.81657E+3	3.59571E+2
1.28223E+1	2.20350E+4	2.91532E+0	5.31590E+0	1.05213E+0	1.81707E+3	3.59636E+2
1.28139E+1	2.20350E+4	2.91345E+0	5.31612E+0	1.05203E+0	1.81831E+3	3.59833E+2
1.28056E+1	2.20350E+4	2.91332E+0	5.31674E+0	1.05199E+0	1.81860E+3	3.59834E+2
1.27970E+1	2.20360E+4	2.91069E+0	5.31684E+0	1.05182E+0	1.82029E+3	3.60104E+2
1.27887E+1	2.20340E+4	2.90857E+0	5.31747E+0	1.05179E+0	1.82183E+3	3.60354E+2
1.27804E+1	2.20350E+4	2.90635E+0	5.31780E+0	1.05165E+0	1.82333E+3	3.60582E+2
1.27721E+1	2.20320E+4	2.90296E+0	5.31798E+0	1.05154E+0	1.82553E+3	3.60967E+2
1.27634E+1	2.20340E+4	2.90119E+0	5.31835E+0	1.05152E+0	1.82676E+3	3.61179E+2
1.27551E+1	2.20330E+4	2.89961E+0	5.31868E+0	1.05143E+0	1.82787E+3	3.61346E+2
1.27468E+1	2.20290E+4	2.90009E+0	5.31913E+0	1.05141E+0	1.82773E+3	3.61278E+2
1.27381E+1	2.20310E+4	2.89454E+0	5.31937E+0	1.05127E+0	1.83131E+3	3.61923E+2
1.27297E+1	2.20260E+4	2.89486E+0	5.31988E+0	1.05123E+0	1.83129E+3	3.61871E+2
1.27214E+1	2.20280E+4	2.89053E+0	5.32014E+0	1.05115E+0	1.83412E+3	3.62384E+2
1.27126E+1	2.20290E+4	2.88984E+0	5.32031E+0	1.05105E+0	1.83461E+3	3.62437E+2
1.27043E+1	2.20260E+4	2.88842E+0	5.32102E+0	1.05104E+0	1.83576E+3	3.62612E+2
1.26957E+1	2.20230E+4	2.88449E+0	5.32094E+0	1.05081E+0	1.83824E+3	3.63025E+2
1.26874E+1	2.20230E+4	2.88540E+0	5.32169E+0	1.05079E+0	1.83791E+3	3.62904E+2
1.26791E+1	2.20220E+4	2.88243E+0	5.32186E+0	1.05070E+0	1.83987E+3	3.63248E+2
1.26704E+1	2.20220E+4	2.88055E+0	5.32229E+0	1.05065E+0	1.84122E+3	3.63466E+2
1.26620E+1	2.20240E+4	2.87816E+0	5.32268E+0	1.05059E+0	1.84288E+3	3.63747E+2
1.26537E+1	2.20200E+4	2.87836E+0	5.32284E+0	1.05045E+0	1.84281E+3	3.63675E+2
1.26455E+1	2.20230E+4	2.87519E+0	5.32336E+0	1.05036E+0	1.84502E+3	3.64044E+2
1.26366E+1	2.20190E+4	2.87349E+0	5.32376E+0	1.05029E+0	1.84625E+3	3.64234E+2
1.26283E+1	2.20180E+4	2.87139E+0	5.32404E+0	1.05018E+0	1.84770E+3	3.64465E+2
1.26200E+1	2.20200E+4	2.87030E+0	5.32427E+0	1.05009E+0	1.84848E+3	3.64572E+2
1.26113E+1	2.20160E+4	2.86898E+0	5.32457E+0	1.04997E+0	1.84943E+3	3.64697E+2
1.26029E+1	2.20190E+4	2.86599E+0	5.32494E+0	1.04989E+0	1.85149E+3	3.65049E+2
1.25947E+1	2.20160E+4	2.86447E+0	5.32532E+0	1.04982E+0	1.85260E+3	3.65218E+2
1.25863E+1	2.20180E+4	2.86284E+0	5.32573E+0	1.04975E+0	1.85381E+3	3.65400E+2
1.25777E+1	2.20150E+4	2.85999E+0	5.32612E+0	1.04966E+0	1.85579E+3	3.65733E+2
1.25694E+1	2.20170E+4	2.85635E+0	5.32641E+0	1.04963E+0	1.85826E+3	3.66189E+2
1.25610E+1	2.20130E+4	2.85704E+0	5.32680E+0	1.04952E+0	1.85794E+3	3.66064E+2
1.25523E+1	2.20110E+4	2.85320E+0	5.32711E+0	1.04945E+0	1.86055E+3	3.66529E+2
1.25439E+1	2.20140E+4	2.84963E+0	5.32742E+0	1.04937E+0	1.86299E+3	3.66961E+2
1.25357E+1	2.20140E+4	2.85208E+0	5.32766E+0	1.04927E+0	1.86147E+3	3.66613E+2
1.25274E+1	2.20130E+4	2.84622E+0	5.32803E+0	1.04919E+0	1.86543E+3	3.67338E+2
1.25187E+1	2.20110E+4	2.84675E+0	5.32837E+0	1.04905E+0	1.86520E+3	3.67220E+2
1.25104E+1	2.20110E+4	2.84472E+0	5.32880E+0	1.04898E+0	1.86669E+3	3.67460E+2
1.25020E+1	2.20110E+4	2.84173E+0	5.32913E+0	1.04896E+0	1.86877E+3	3.67840E+2
1.24934E+1	2.20100E+4	2.84119E+0	5.32937E+0	1.04878E+0	1.86921E+3	3.67844E+2
1.24851E+1	2.20150E+4	2.83760E+0	5.32974E+0	1.04872E+0	1.87170E+3	3.68289E+2
1.24769E+1	2.20100E+4	2.83522E+0	5.33019E+0	1.04867E+0	1.87343E+3	3.68584E+2
1.24685E+1	2.20100E+4	2.83711E+0	5.33056E+0	1.04857E+0	1.87231E+3	3.68301E+2
1.24599E+1	2.20080E+4	2.83129E+0	5.33085E+0	1.04854E+0	1.87627E+3	3.69048E+2
1.24516E+1	2.20090E+4	2.83235E+0	5.33124E+0	1.04837E+0	1.87570E+3	3.68850E+2
1.24431E+1	2.20070E+4	2.82782E+0	5.33166E+0	1.04837E+0	1.87885E+3	3.69440E+2
1.24345E+1	2.20090E+4	2.83024E+0	5.33194E+0	1.04824E+0	1.87735E+3	3.69081E+2
1.24262E+1	2.20110E+4	2.82469E+0	5.33230E+0	1.04822E+0	1.88116E+3	3.69795E+2
1.24179E+1	2.20090E+4	2.82529E+0	5.33276E+0	1.04808E+0	1.88092E+3	3.69668E+2
1.24093E+1	2.20060E+4	2.81981E+0	5.33302E+0	1.04802E+0	1.88467E+3	3.70365E+2
1.24010E+1	2.20090E+4	2.81752E+0	5.33327E+0	1.04790E+0	1.88629E+3	3.70626E+2
1.23926E+1	2.20070E+4	2.81437E+0	5.33362E+0	1.04779E+0	1.88853E+3	3.71001E+2
1.23838E+1	2.20090E+4	2.81797E+0	5.33404E+0	1.04768E+0	1.88626E+3	3.70490E+2
1.23756E+1	2.20040E+4	2.81398E+0	5.33440E+0	1.04760E+0	1.88906E+3	3.70983E+2
1.23672E+1	2.20040E+4	2.81319E+0	5.33483E+0	1.04752E+0	1.88974E+3	3.71061E+2
1.23586E+1	2.20080E+4	2.81099E+0	5.33517E+0	1.04742E+0	1.89134E+3	3.71315E+2
1.23502E+1	2.20070E+4	2.81032E+0	5.33567E+0	1.04734E+0	1.89197E+3	3.71376E+2
1.23420E+1	2.20040E+4	2.80716E+0	5.33588E+0	1.04731E+0	1.89417E+3	3.71784E+2
1.23337E+1	2.20080E+4	2.80375E+0	5.33600E+0	1.04719E+0	1.89652E+3	3.72192E+2
1.23250E+1	2.20080E+4	2.80153E+0	5.33650E+0	1.04713E+0	1.89820E+3	3.72465E+2
1.23166E+1	2.20110E+4	2.79998E+0	5.33697E+0	1.04710E+0	1.89942E+3	3.72663E+2
1.23082E+1	2.20080E+4	2.79906E+0	5.33697E+0	1.04695E+0	1.90005E+3	3.72732E+2
1.22996E+1	2.20110E+4	2.79919E+0	5.33788E+0	1.04694E+0	1.90028E+3	3.72709E+2
1.22912E+1	2.20090E+4	2.79672E+0	5.33793E+0	1.04681E+0	1.90198E+3	3.72992E+2
1.22831E+1	2.20080E+4	2.79405E+0	5.33833E+0	1.04676E+0	1.90394E+3	3.73330E+2
1.22742E+1	2.20110E+4	2.79188E+0	5.33860E+0	1.04661E+0	1.90551E+3	3.73566E+2
1.22659E+1	2.20080E+4	2.79024E+0	5.33889E+0	1.04659E+0	1.90674E+3	3.73780E+2
1.22576E+1	2.20110E+4	2.78645E+0	5.33927E+0	1.04646E+0	1.90947E+3	3.74243E+2
1.22489E+1	2.20100E+4	2.78437E+0	5.33945E+0	1.04632E+0	1.91096E+3	3.74473E+2
1.22407E+1	2.20110E+4	2.78429E+0	5.33995E+0	1.04629E+0	1.91119E+3	3.74471E+2
1.22323E+1	2.20090E+4	2.78480E+0	5.34034E+0	1.04613E+0	1.91098E+3	3.74347E+2
1.22237E+1	2.20110E+4	2.77965E+0	5.34083E+0	1.04615E+0	1.91470E+3	3.75047E+2
1.22152E+1	2.20100E+4	2.77965E+0	5.34113E+0	1.04600E+0	1.91480E+3	3.74992E+2
1.22069E+1	2.20120E+4	2.77872E+0	5.34133E+0	1.04590E+0	1.91552E+3	3.75082E+2
1.21983E+1	2.20090E+4	2.77364E+0	5.34180E+0	1.04586E+0	1.91920E+3	3.75757E+2
1.21899E+1	2.20080E+4	2.77363E+0	5.34209E+0	1.04571E+0	1.91931E+3	3.75701E+2
1.21817E+1	2.20100E+4	2.77074E+0	5.34248E+0	1.04566E+0	1.92145E+3	3.76078E+2
1.21733E+1	2.20080E+4	2.76844E+0	5.34280E+0	1.04556E+0	1.92316E+3	3.76353E+2
1.21647E+1	2.20090E+4	2.76476E+0	5.34309E+0	1.04551E+0	1.92582E+3	3.76837E+2
1.21564E+1	2.20090E+4	2.76459E+0	5.34358E+0	1.04538E+0	1.92612E+3	3.76812E+2
1.21480E+1	2.20170E+4	2.76483E+0	5.34379E+0	1.04524E+0	1.92603E+3	3.76728E+2
1.21397E+1	2.20170E+4	2.75773E+0	5.34416E+0	1.04524E+0	1.93112E+3	3.77700E+2
1.21310E+1	2.20210E+4	2.76009E+0	5.34448E+0	1.04511E+0	1.92959E+3	3.77330E+2
1.21226E+1	2.20190E+4	2.75725E+0	5.34485E+0	1.04502E+0	1.93170E+3	3.77687E+2
1.21145E+1	2.20180E+4	2.75517E+0	5.34519E+0	1.04497E+0	1.93329E+3	3.77954E+2
1.21058E+1	2.20170E+4	2.75365E+0	5.34555E+0	1.04489E+0	1.93448E+3	3.78132E+2
1.20974E+1	2.20230E+4	2.75056E+0	5.34602E+0	1.04481E+0	1.93683E+3	3.78527E+2
1.20891E+1	2.20230E+4	2.75094E+0	5.34613E+0	1.04465E+0	1.93660E+3	3.78418E+2
1.20804E+1	2.20230E+4	2.74703E+0	5.34649E+0	1.04459E+0	1.93949E+3	3.78934E+2
1.20722E+1	2.20240E+4	2.74572E+0	5.34692E+0	1.04455E+0	1.94057E+3	3.79103E+2
1.20638E+1	2.20270E+4	2.74334E+0	5.34735E+0	1.04443E+0	1.94241E+3	3.79387E+2
1.20555E+1	2.20250E+4	2.74291E+0	5.34768E+0	1.04429E+0	1.94284E+3	3.79394E+2
1.20467E+1	2.20280E+4	2.74079E+0	5.34806E+0	1.04426E+0	1.94448E+3	3.79678E+2
1.20384E+1	2.20270E+4	2.73872E+0	5.34837E+0	1.04417E+0	1.94605E+3	3.79930E+2
1.20301E+1	2.20260E+4	2.73481E+0	5.34872E+0	1.04409E+0	1.94897E+3	3.80447E+2
1.20219E+1	2.20310E+4	2.73284E+0	5.34913E+0	1.04401E+0	1.95052E+3	3.80692E+2
1.20132E+1	2.20260E+4	2.73207E+0	5.34960E+0	1.04397E+0	1.95124E+3	3.80785E+2
1.20048E+1	2.20320E+4	2.73084E+0	5.34984E+0	1.04382E+0	1.95221E+3	3.80899E+2
1.19965E+1	2.20300E+4	2.72915E+0	5.35020E+0	1.04375E+0	1.95355E+3	3.81108E+2
1.19878E+1	2.20310E+4	2.72700E+0	5.35039E+0	1.04363E+0	1.95516E+3	3.81366E+2
1.19796E+1	2.20270E+4	2.72766E+0	5.35100E+0	1.04358E+0	1.95491E+3	3.81258E+2
1.19712E+1	2.20250E+4	2.71985E+0	5.35138E+0	1.04354E+0	1.96066E+3	3.82335E+2
1.19629E+1	2.20200E+4	2.71858E+0	5.35167E+0	1.04343E+0	1.96168E+3	3.82475E+2
1.19541E+1	2.20190E+4	2.72083E+0	5.35201E+0	1.04332E+0	1.96019E+3	3.82117E+2
1.19457E+1	2.20150E+4	2.71672E+0	5.35241E+0	1.04323E+0	1.96330E+3	3.82662E+2
1.19376E+1	2.20140E+4	2.71626E+0	5.35286E+0	1.04316E+0	1.96379E+3	3.82702E+2
1.19289E+1	2.20080E+4	2.71229E+0	5.35323E+0	1.04307E+0	1.96680E+3	3.83228E+2
1.19206E+1	2.20060E+4	2.71048E+0	5.35343E+0	1.04297E+0	1.96819E+3	3.83450E+2
1.19123E+1	2.20030E+4	2.70940E+0	5.35389E+0	1.04294E+0	1.96914E+3	3.83591E+2
1.19035E+1	2.19980E+4	2.70635E+0	5.35401E+0	1.04278E+0	1.97141E+3	3.83965E+2
1.18952E+1	2.19970E+4	2.70728E+0	5.35466E+0	1.04272E+0	1.97097E+3	3.83809E+2
1.18869E+1	2.19980E+4	2.70460E+0	5.35486E+0	1.04264E+0	1.97300E+3	3.84161E+2
1.18786E+1	2.19920E+4	2.70112E+0	5.35531E+0	1.04258E+0	1.97571E+3	3.84634E+2
1.18699E+1	2.19900E+4	2.69848E+0	5.35558E+0	1.04245E+0	1.97774E+3	3.84963E+2
1.18616E+1	2.19900E+4	2.69766E+0	5.35594E+0	1.04233E+0	1.97848E+3	3.85035E+2
1.18533E+1	2.19890E+4	2.69801E+0	5.35633E+0	1.04227E+0	1.97836E+3	3.84963E+2
1.18445E+1	2.19840E+4	2.69592E+0	5.35672E+0	1.04217E+0	1.98004E+3	3.85223E+2
1.18363E+1	2.19870E+4	2.69339E+0	5.35719E+0	1.04212E+0	1.98207E+3	3.85566E+2
1.18279E+1	2.19810E+4	2.69057E+0	5.35736E+0	1.04203E+0	1.98421E+3	3.85940E+2
1.18195E+1	2.19830E+4	2.68959E+0	5.35787E+0	1.04192E+0	1.98513E+3	3.86037E+2
1.18108E+1	2.19820E+4	2.68724E+0	5.35827E+0	1.04188E+0	1.98701E+3	3.86363E+2
1.18025E+1	2.19820E+4	2.68515E+0	5.35838E+0	1.04173E+0	1.98860E+3	3.86604E+2
1.17943E+1	2.19790E+4	2.68124E+0	5.35873E+0	1.04165E+0	1.99163E+3	3.87141E+2
1.17857E+1	2.19790E+4	2.67808E+0	5.35912E+0	1.04161E+0	1.99412E+3	3.87582E+2
1.17774E+1	2.19760E+4	2.67597E+0	5.35947E+0	1.04153E+0	1.99583E+3	3.87857E+2
1.17691E+1	2.19760E+4	2.67520E+0	5.35979E+0	1.04138E+0	1.99652E+3	3.87912E+2
1.17603E+1	2.19720E+4	2.67516E+0	5.36020E+0	1.04133E+0	1.99670E+3	3.87900E+2
1.17519E+1	2.19730E+4	2.67384E+0	5.36072E+0	1.04127E+0	1.99788E+3	3.88071E+2
1.17436E+1	2.19740E+4	2.66980E+0	5.36107E+0	1.04121E+0	2.00103E+3	3.88634E+2
1.17354E+1	2.19710E+4	2.66709E+0	5.36129E+0	1.04108E+0	2.00315E+3	3.88981E+2
1.17266E+1	2.19720E+4	2.66684E+0	5.36165E+0	1.04094E+0	2.00347E+3	3.88965E+2
1.17184E+1	2.19720E+4	2.66553E+0	5.36211E+0	1.04089E+0	2.00463E+3	3.89138E+2
1.17101E+1	2.19670E+4	2.66379E+0	5.36231E+0	1.04075E+0	2.00601E+3	3.89338E+2
1.17012E+1	2.19680E+4	2.66013E+0	5.36290E+0	1.04079E+0	2.00899E+3	3.89891E+2
1.16930E+1	2.19700E+4	2.66100E+0	5.36329E+0	1.04066E+0	2.00848E+3	3.89713E+2
1.16848E+1	2.19640E+4	2.65683E+0	5.36332E+0	1.04057E+0	2.01165E+3	3.90290E+2
1.16765E+1	2.19650E+4	2.65503E+0	5.36371E+0	1.04048E+0	2.01316E+3	3.90525E+2
1.16677E+1	2.19640E+4	2.65530E+0	5.36379E+0	1.04029E+0	2.01298E+3	3.90413E+2
1.16595E+1	2.19630E+4	2.65229E+0	5.36441E+0	1.04028E+0	2.01550E+3	3.90851E+2
1.16511E+1	2.19660E+4	2.64997E+0	5.36457E+0	1.04013E+0	2.01733E+3	3.91137E+2
1.16427E+1	2.19630E+4	2.64725E+0	5.36494E+0	1.04007E+0	2.01954E+3	3.91515E+2
1.16341E+1	2.19640E+4	2.64525E+0	5.36535E+0	1.03998E+0	2.02121E+3	3.91778E+2
1.16258E+1	2.19610E+4	2.64206E+0	5.36548E+0	1.03984E+0	2.02371E+3	3.92199E+2
1.16174E+1	2.19630E+4	2.63990E+0	5.36608E+0	1.03981E+0	2.02559E+3	3.92508E+2
1.16087E+1	2.19590E+4	2.64035E+0	5.36646E+0	1.03970E+0	2.02539E+3	3.92399E+2
1.16005E+1	2.19590E+4	2.63723E+0	5.36678E+0	1.03965E+0	2.02791E+3	3.92844E+2
1.15920E+1	2.19570E+4	2.63558E+0	5.36727E+0	1.03957E+0	2.02936E+3	3.93061E+2
1.15834E+1	2.19600E+4	2.63390E+0	5.36749E+0	1.03940E+0	2.03073E+3	3.93247E+2
1.15750E+1	2.19580E+4	2.63385E+0	5.36781E+0	1.03933E+0	2.03090E+3	3.93227E+2
1.15667E+1	2.19590E+4	2.62974E+0	5.36789E+0	1.03924E+0	2.03410E+3	3.93809E+2
1.15584E+1	2.19540E+4	2.62867E+0	5.36846E+0	1.03917E+0	2.03515E+3	3.93943E+2
1.15497E+1	2.19590E+4	2.62889E+0	5.36878E+0	1.03905E+0	2.03510E+3	3.93864E+2
1.15414E+1	2.19540E+4	2.62640E+0	5.36915E+0	1.03901E+0	2.03716E+3	3.94220E+2
1.15331E+1	2.19580E+4	2.62146E+0	5.36946E+0	1.03894E+0	2.04112E+3	3.94940E+2
1.15243E+1	2.19540E+4	2.61842E+0	5.36971E+0	1.03884E+0	2.04359E+3	3.95359E+2
1.15161E+1	2.19560E+4	2.61706E+0	5.37009E+0	1.03873E+0	2.04479E+3	3.95520E+2
1.15077E+1	2.19540E+4	2.61899E+0	5.37048E+0	1.03860E+0	2.04344E+3	3.95180E+2
1.14994E+1	2.19540E+4	2.61521E+0	5.37063E+0	1.03847E+0	2.04644E+3	3.95702E+2
1.14908E+1	2.19540E+4	2.61415E+0	5.37109E+0	1.03837E+0	2.04745E+3	3.95823E+2
1.14824E+1	2.19520E+4	2.61529E+0	5.37145E+0	1.03829E+0	2.04670E+3	3.95622E+2
1.14742E+1	2.19530E+4	2.61024E+0	5.37197E+0	1.03829E+0	2.05085E+3	3.96385E+2
1.14653E+1	2.19490E+4	2.60909E+0	5.37231E+0	1.03818E+0	2.05189E+3	3.96520E+2
1.14572E+1	2.19520E+4	2.60590E+0	5.37246E+0	1.03807E+0	2.05446E+3	3.96963E+2
1.14489E+1	2.19480E+4	2.60318E+0	5.37282E+0	1.03794E+0	2.05674E+3	3.97327E+2
1.14402E+1	2.19510E+4	2.60128E+0	5.37304E+0	1.03789E+0	2.05833E+3	3.97600E+2
1.14319E+1	2.19500E+4	2.59835E+0	5.37350E+0	1.03776E+0	2.06083E+3	3.97996E+2
1.14235E+1	2.19470E+4	2.59542E+0	5.37400E+0	1.03772E+0	2.06335E+3	3.98432E+2
1.14153E+1	2.19470E+4	2.59869E+0	5.37433E+0	1.03752E+0	2.06088E+3	3.97854E+2
1.14065E+1	2.19450E+4	2.59774E+0	5.37493E+0	1.03752E+0	2.06186E+3	3.98000E+2
1.13981E+1	2.19500E+4	2.59359E+0	5.37504E+0	1.03746E+0	2.06520E+3	3.98612E+2
1.13899E+1	2.19470E+4	2.58932E+0	5.37530E+0	1.03734E+0	2.06870E+3	3.99226E+2
1.13813E+1	2.19470E+4	2.58874E+0	5.37579E+0	1.03728E+0	2.06935E+3	3.99290E+2
1.13729E+1	2.19490E+4	2.58519E+0	5.37604E+0	1.03712E+0	2.07230E+3	3.99777E+2
1.13646E+1	2.19480E+4	2.58391E+0	5.37643E+0	1.03705E+0	2.07347E+3	3.99947E+2
1.13559E+1	2.19450E+4	2.58407E+0	5.37677E+0	1.03700E+0	2.07348E+3	3.99905E+2
1.13475E+1	2.19460E+4	2.58322E+0	5.37720E+0	1.03687E+0	2.07432E+3	3.99988E+2
1.13393E+1	2.19450E+4	2.57850E+0	5.37757E+0	1.03684E+0	2.07826E+3	4.00706E+2
1.13306E+1	2.19440E+4	2.57829E+0	5.37783E+0	1.03674E+0	2.07853E+3	4.00701E+2
1.13222E+1	2.19450E+4	2.57725E+0	5.37827E+0	1.03663E+0	2.07954E+3	4.00821E+2
1.13140E+1	2.19440E+4	2.57225E+0	5.37844E+0	1.03649E+0	2.08365E+3	4.01544E+2
1.13057E+1	2.19430E+4	2.57183E+0	5.37900E+0	1.03642E+0	2.08421E+3	4.01583E+2
1.12970E+1	2.19440E+4	2.56879E+0	5.37925E+0	1.03636E+0	2.08677E+3	4.02033E+2
1.12887E+1	2.19430E+4	2.56774E+0	5.37956E+0	1.03621E+0	2.08775E+3	4.02142E+2
1.12803E+1	2.19410E+4	2.56594E+0	5.38011E+0	1.03615E+0	2.08942E+3	4.02400E+2
1.12714E+1	2.19400E+4	2.56475E+0	5.38029E+0	1.03604E+0	2.09046E+3	4.02545E+2
1.12632E+1	2.19400E+4	2.56138E+0	5.38064E+0	1.03597E+0	2.09335E+3	4.03045E+2
1.12550E+1	2.19420E+4	2.56085E+0	5.38120E+0	1.03591E+0	2.09400E+3	4.03107E+2
1.12465E+1	2.19390E+4	2.55969E+0	5.38135E+0	1.03574E+0	2.09500E+3	4.03224E+2
1.12379E+1	2.19380E+4	2.55541E+0	5.38186E+0	1.03570E+0	2.09872E+3	4.03884E+2
1.12296E+1	2.19400E+4	2.55193E+0	5.38215E+0	1.03563E+0	2.10169E+3	4.04405E+2
1.12212E+1	2.19380E+4	2.55353E+0	5.38230E+0	1.03550E+0	2.10043E+3	4.04102E+2
1.12130E+1	2.19390E+4	2.55022E+0	5.38279E+0	1.03543E+0	2.10335E+3	4.04599E+2
1.12043E+1	2.19350E+4	2.54707E+0	5.38314E+0	1.03535E+0	2.10608E+3	4.05068E+2
1.11960E+1	2.19320E+4	2.54576E+0	5.38359E+0	1.03531E+0	2.10735E+3	4.05262E+2
1.11876E+1	2.19360E+4	2.54306E+0	5.38391E+0	1.03516E+0	2.10971E+3	4.05633E+2
1.11790E+1	2.19310E+4	2.54257E+0	5.38434E+0	1.03506E+0	2.11029E+3	4.05670E+2
1.11705E+1	2.19330E+4	2.54124E+0	5.38478E+0	1.03503E+0	2.11156E+3	4.05871E+2
1.11622E+1	2.19350E+4	2.54080E+0	5.38496E+0	1.03483E+0	2.11200E+3	4.05865E+2
1.11540E+1	2.19340E+4	2.53801E+0	5.38529E+0	1.03478E+0	2.11445E+3	4.06291E+2
1.11452E+1	2.19300E+4	2.53474E+0	5.38568E+0	1.03470E+0	2.11734E+3	4.06784E+2
1.11370E+1	2.19320E+4	2.53526E+0	5.38607E+0	1.03462E+0	2.11705E+3	4.06667E+2
1.11282E+1	2.19300E+4	2.53296E+0	5.38651E+0	1.03453E+0	2.11915E+3	4.07000E+2
1.11200E+1	2.19320E+4	2.53334E+0	5.38668E+0	1.03437E+0	2.11890E+3	4.06877E+2
1.11117E+1	2.19300E+4	2.52823E+0	5.38716E+0	1.03434E+0	2.12336E+3	4.07686E+2
1.11033E+1	2.19300E+4	2.52607E+0	5.38754E+0	1.03430E+0	2.12533E+3	4.08021E+2
1.10946E+1	2.19270E+4	2.52494E+0	5.38790E+0	1.03417E+0	2.12643E+3	4.08152E+2
1.10863E+1	2.19290E+4	2.52289E+0	5.38837E+0	1.03408E+0	2.12834E+3	4.08450E+2
1.10782E+1	2.19300E+4	2.52098E+0	5.38856E+0	1.03399E+0	2.13002E+3	4.08722E+2
1.10697E+1	2.19260E+4	2.51700E+0	5.38881E+0	1.03389E+0	2.13350E+3	4.09331E+2
1.10611E+1	2.19290E+4	2.51838E+0	5.38938E+0	1.03382E+0	2.13255E+3	4.09078E+2
1.10527E+1	2.19290E+4	2.51260E+0	5.38955E+0	1.03370E+0	2.13753E+3	4.09971E+2
1.10444E+1	2.19250E+4	2.51106E+0	5.38985E+0	1.03360E+0	2.13895E+3	4.10182E+2
1.10358E+1	2.19280E+4	2.51072E+0	5.39037E+0	1.03358E+0	2.13945E+3	4.10232E+2
1.10274E+1	2.19280E+4	2.50690E+0	5.39066E+0	1.03344E+0	2.14282E+3	4.10801E+2
1.10192E+1	2.19250E+4	2.50900E+0	5.39094E+0	1.03334E+0	2.14115E+3	4.10417E+2
1.10109E+1	2.19260E+4	2.50451E+0	5.39127E+0	1.03329E+0	2.14511E+3	4.11133E+2
1.10021E+1	2.19240E+4	2.50464E+0	5.39171E+0	1.03319E+0	2.14517E+3	4.11071E+2
1.09937E+1	2.19250E+4	2.50080E+0	5.39198E+0	1.03304E+0	2.14858E+3	4.11643E+2
1.09855E+1	2.19220E+4	2.49911E+0	5.39235E+0	1.03302E+0	2.15018E+3	4.11911E+2
1.09768E+1	2.19260E+4	2.49868E+0	5.39280E+0	1.03288E+0	2.15073E+3	4.11929E+2
1.09685E+1	2.19250E+4	2.49635E+0	5.39309E+0	1.03285E+0	2.15285E+3	4.12302E+2
1.09603E+1	2.19230E+4	2.49568E+0	5.39353E+0	1.03276E+0	2.15360E+3	4.12375E+2
1.09518E+1	2.19250E+4	2.49460E+0	5.39385E+0	1.03260E+0	2.15467E+3	4.12488E+2
1.09431E+1	2.19220E+4	2.49070E+0	5.39423E+0	1.03257E+0	2.15819E+3	4.13122E+2
1.09348E+1	2.19220E+4	2.48706E+0	5.39475E+0	1.03252E+0	2.16156E+3	4.13709E+2
1.09261E+1	2.19200E+4	2.48569E+0	5.39496E+0	1.03240E+0	2.16283E+3	4.13889E+2
1.09178E+1	2.19240E+4	2.48524E+0	5.39538E+0	1.03228E+0	2.16339E+3	4.13913E+2
1.09094E+1	2.19170E+4	2.48200E+0	5.39577E+0	1.03221E+0	2.16637E+3	4.14427E+2
1.09007E+1	2.19220E+4	2.47979E+0	5.39584E+0	1.03203E+0	2.16833E+3	4.14724E+2
1.08924E+1	2.19220E+4	2.47902E+0	5.39644E+0	1.03204E+0	2.16924E+3	4.14854E+2
1.08841E+1	2.19180E+4	2.47635E+0	5.39676E+0	1.03193E+0	2.17171E+3	4.15259E+2
1.08753E+1	2.19180E+4	2.47256E+0	5.39696E+0	1.03180E+0	2.17512E+3	4.15842E+2
1.08671E+1	2.19220E+4	2.46714E+0	5.39730E+0	1.03178E+0	2.18004E+3	4.16751E+2
1.08584E+1	2.19170E+4	2.45507E+0	5.39752E+0	1.03159E+0	2.19085E+3	4.18723E+2
1.08499E+1	2.19200E+4	2.46332E+0	5.39804E+0	1.03155E+0	2.18372E+3	4.17301E+2
1.08418E+1	2.19150E+4	2.46609E+0	5.39857E+0	1.03148E+0	2.18148E+3	4.16804E+2
1.08334E+1	2.19200E+4	2.47119E+0	5.39906E+0	1.03133E+0	2.17718E+3	4.15887E+2
1.08248E+1	2.19200E+4	2.46510E+0	5.39934E+0	1.03128E+0	2.18267E+3	4.16893E+2
1.08164E+1	2.19160E+4	2.46208E+0	5.39945E+0	1.03116E+0	2.18539E+3	4.17356E+2
1.08081E+1	2.19160E+4	2.46067E+0	5.40007E+0	1.03113E+0	2.18689E+3	4.17583E+2
1.07999E+1	2.19150E+4	2.45749E+0	5.40025E+0	1.03103E+0	2.18980E+3	4.18081E+2
1.07911E+1	2.19200E+4	2.45511E+0	5.40073E+0	1.03092E+0	2.19212E+3	4.18443E+2
1.07829E+1	2.19150E+4	2.45178E+0	5.40100E+0	1.03087E+0	2.19520E+3	4.18989E+2
1.07745E+1	2.19150E+4	2.45166E+0	5.40149E+0	1.03076E+0	2.19550E+3	4.18967E+2
1.07658E+1	2.19150E+4	2.45062E+0	5.40171E+0	1.03064E+0	2.19653E+3	4.19096E+2
1.07575E+1	2.19130E+4	2.44728E+0	5.40212E+0	1.03057E+0	2.19970E+3	4.19640E+2
1.07492E+1	2.19140E+4	2.44593E+0	5.40232E+0	1.03040E+0	2.20099E+3	4.19802E+2
1.07405E+1	2.19110E+4	2.44339E+0	5.40280E+0	1.03035E+0	2.20347E+3	4.20218E+2
1.07321E+1	2.19160E+4	2.44282E+0	5.40305E+0	1.03028E+0	2.20409E+3	4.20286E+2
1.07239E+1	2.19120E+4	2.43791E+0	5.40348E+0	1.03020E+0	2.20870E+3	4.21101E+2
1.07156E+1	2.19110E+4	2.43685E+0	5.40389E+0	1.03015E+0	2.20983E+3	4.21262E+2
1.07069E+1	2.19130E+4	2.43731E+0	5.40409E+0	1.02997E+0	2.20949E+3	4.21110E+2
1.06986E+1	2.19120E+4	2.43415E+0	5.40460E+0	1.02992E+0	2.21257E+3	4.21638E+2
1.06903E+1	2.19110E+4	2.43107E+0	5.40487E+0	1.02985E+0	2.21549E+3	4.22140E+2
1.06816E+1	2.19080E+4	2.43001E+0	5.40536E+0	1.02974E+0	2.21665E+3	4.22282E+2
1.06733E+1	2.19120E+4	2.42996E+0	5.40573E+0	1.02963E+0	2.21685E+3	4.22242E+2
1.06648E+1	2.19100E+4	2.42978E+0	5.40616E+0	1.02951E+0	2.21719E+3	4.22225E+2
1.06563E+1	2.19110E+4	2.42821E+0	5.40627E+0	1.02940E+0	2.21867E+3	4.22453E+2
1.06479E+1	2.19100E+4	2.42490E+0	5.40662E+0	1.02930E+0	2.22185E+3	4.22990E+2
1.06396E+1	2.19090E+4	2.41841E+0	5.40689E+0	1.02924E+0	2.22792E+3	4.24101E+2
1.06313E+1	2.19100E+4	2.42008E+0	5.40749E+0	1.02919E+0	2.22663E+3	4.23788E+2
1.06226E+1	2.19090E+4	2.41871E+0	5.40773E+0	1.02910E+0	2.22799E+3	4.23989E+2
1.06142E+1	2.19100E+4	2.41597E+0	5.40805E+0	1.02895E+0	2.23065E+3	4.24409E+2
1.06059E+1	2.19070E+4	2.41456E+0	5.40856E+0	1.02892E+0	2.23216E+3	4.24646E+2
1.05972E+1	2.19120E+4	2.41369E+0	5.40885E+0	1.02880E+0	2.23308E+3	4.24746E+2
1.05887E+1	2.19080E+4	2.41050E+0	5.40918E+0	1.02872E+0	2.23617E+3	4.25275E+2
1.05805E+1	2.19060E+4	2.40523E+0	5.40954E+0	1.02863E+0	2.24122E+3	4.26169E+2
1.05718E+1	2.19050E+4	2.40461E+0	5.40980E+0	1.02853E+0	2.24192E+3	4.26239E+2
1.05635E+1	2.19120E+4	2.40222E+0	5.41032E+0	1.02854E+0	2.24436E+3	4.26667E+2
1.05552E+1	2.19080E+4	2.40056E+0	5.41050E+0	1.02834E+0	2.24598E+3	4.26881E+2
1.05468E+1	2.19070E+4	2.39918E+0	5.41097E+0	1.02828E+0	2.24747E+3	4.27102E+2
1.05381E+1	2.19040E+4	2.40045E+0	5.41135E+0	1.02813E+0	2.24644E+3	4.26811E+2
1.05298E+1	2.19030E+4	2.39579E+0	5.41163E+0	1.02808E+0	2.25092E+3	4.27620E+2
1.05215E+1	2.19040E+4	2.39250E+0	5.41195E+0	1.02796E+0	2.25416E+3	4.28161E+2
1.05129E+1	2.19040E+4	2.39197E+0	5.41248E+0	1.02789E+0	2.25487E+3	4.28227E+2
1.05044E+1	2.19060E+4	2.38821E+0	5.41252E+0	1.02772E+0	2.25844E+3	4.28831E+2
1.04962E+1	2.19020E+4	2.38871E+0	5.41323E+0	1.02769E+0	2.25826E+3	4.28726E+2
1.04875E+1	2.19070E+4	2.38910E+0	5.41365E+0	1.02758E+0	2.25807E+3	4.28613E+2
1.04791E+1	2.19020E+4	2.38538E+0	5.41385E+0	1.02750E+0	2.26168E+3	4.29247E+2
1.04709E+1	2.19050E+4	2.38106E+0	5.41432E+0	1.02742E+0	2.26598E+3	4.29990E+2
1.04625E+1	2.19030E+4	2.38101E+0	5.41456E+0	1.02733E+0	2.26612E+3	4.29961E+2
1.04539E+1	2.19040E+4	2.37846E+0	5.41503E+0	1.02725E+0	2.26875E+3	4.30389E+2
1.04456E+1	2.19030E+4	2.37870E+0	5.41528E+0	1.02710E+0	2.26862E+3	4.30282E+2
1.04372E+1	2.19030E+4	2.37682E+0	5.41568E+0	1.02707E+0	2.27059E+3	4.30612E+2
1.04290E+1	2.19010E+4	2.37419E+0	5.41597E+0	1.02698E+0	2.27322E+3	4.31049E+2
1.04202E+1	2.19030E+4	2.37167E+0	5.41624E+0	1.02685E+0	2.27575E+3	4.31453E+2
1.04118E+1	2.19020E+4	2.36867E+0	5.41674E+0	1.02678E+0	2.27884E+3	4.31969E+2
1.04036E+1	2.19010E+4	2.36903E+0	5.41714E+0	1.02675E+0	2.27867E+3	4.31891E+2
1.03950E+1	2.19010E+4	2.36421E+0	5.41733E+0	1.02653E+0	2.28340E+3	4.32679E+2
1.03866E+1	2.18980E+4	2.36572E+0	5.41795E+0	1.02648E+0	2.28220E+3	4.32383E+2
1.03783E+1	2.18970E+4	2.36386E+0	5.41811E+0	1.02636E+0	2.28406E+3	4.32672E+2
1.03696E+1	2.18990E+4	2.36015E+0	5.41840E+0	1.02630E+0	2.28777E+3	4.33327E+2
1.03613E+1	2.18990E+4	2.35841E+0	5.41898E+0	1.02625E+0	2.28970E+3	4.33628E+2
1.03526E+1	2.18980E+4	2.36078E+0	5.41942E+0	1.02610E+0	2.28760E+3	4.33129E+2
1.03443E+1	2.19010E+4	2.35623E+0	5.41963E+0	1.02602E+0	2.29210E+3	4.33930E+2
1.03356E+1	2.18970E+4	2.35080E+0	5.42012E+0	1.02595E+0	2.29760E+3	4.34904E+2
1.03273E+1	2.18970E+4	2.35423E+0	5.42038E+0	1.02580E+0	2.29436E+3	4.34207E+2
1.03189E+1	2.18990E+4	2.34924E+0	5.42071E+0	1.02573E+0	2.29938E+3	4.35098E+2
1.03106E+1	2.18990E+4	2.34912E+0	5.42113E+0	1.02563E+0	2.29968E+3	4.35079E+2
1.03020E+1	2.18950E+4	2.34779E+0	5.42154E+0	1.02552E+0	2.30115E+3	4.35280E+2
1.02936E+1	2.18960E+4	2.34126E+0	5.42198E+0	1.02554E+0	2.30775E+3	4.36498E+2
1.02853E+1	2.18960E+4	2.34348E+0	5.42215E+0	1.02539E+0	2.30564E+3	4.36023E+2
1.02765E+1	2.18990E+4	2.33807E+0	5.42247E+0	1.02528E+0	2.31112E+3	4.36987E+2
1.02683E+1	2.18990E+4	2.33485E+0	5.42288E+0	1.02520E+0	2.31448E+3	4.37555E+2
1.02598E+1	2.18940E+4	2.33531E+0	5.42317E+0	1.02507E+0	2.31414E+3	4.37413E+2
1.02512E+1	2.18980E+4	2.33656E+0	5.42375E+0	1.02504E+0	2.31316E+3	4.37166E+2
1.02429E+1	2.18940E+4	2.33407E+0	5.42409E+0	1.02490E+0	2.31577E+3	4.37574E+2
1.02346E+1	2.18920E+4	2.33115E+0	5.42434E+0	1.02484E+0	2.31877E+3	4.38095E+2
1.02257E+1	2.18940E+4	2.32944E+0	5.42454E+0	1.02470E+0	2.32056E+3	4.38357E+2
1.02175E+1	2.18910E+4	2.32739E+0	5.42503E+0	1.02461E+0	2.32282E+3	4.38704E+2
1.02093E+1	2.18960E+4	2.32669E+0	5.42556E+0	1.02453E+0	2.32374E+3	4.38800E+2
1.02005E+1	2.18950E+4	2.32324E+0	5.42581E+0	1.02449E+0	2.32730E+3	4.39437E+2
1.01921E+1	2.18920E+4	2.32289E+0	5.42605E+0	1.02435E+0	2.32775E+3	4.39444E+2
1.01839E+1	2.18900E+4	2.32216E+0	5.42650E+0	1.02422E+0	2.32867E+3	4.39521E+2
1.01756E+1	2.18890E+4	2.31652E+0	5.42684E+0	1.02418E+0	2.33450E+3	4.40578E+2
1.01668E+1	2.18930E+4	2.31654E+0	5.42716E+0	1.02402E+0	2.33462E+3	4.40507E+2
1.01586E+1	2.18920E+4	2.31544E+0	5.42774E+0	1.02400E+0	2.33597E+3	4.40705E+2
1.01503E+1	2.18880E+4	2.31378E+0	5.42785E+0	1.02383E+0	2.33769E+3	4.40947E+2
1.01415E+1	2.18930E+4	2.31001E+0	5.42836E+0	1.02378E+0	2.34172E+3	4.41645E+2
1.01333E+1	2.18890E+4	2.30950E+0	5.42864E+0	1.02363E+0	2.34236E+3	4.41680E+2
1.01249E+1	2.18870E+4	2.30839E+0	5.42915E+0	1.02359E+0	2.34371E+3	4.41875E+2
1.01162E+1	2.18900E+4	2.30522E+0	5.42952E+0	1.02349E+0	2.34709E+3	4.42439E+2
1.01075E+1	2.18880E+4	2.30261E+0	5.42966E+0	1.02338E+0	2.34982E+3	4.42894E+2
1.00993E+1	2.18880E+4	2.30317E+0	5.43027E+0	1.02334E+0	2.34950E+3	4.42767E+2
1.00909E+1	2.18880E+4	2.29859E+0	5.43057E+0	1.02319E+0	2.35432E+3	4.43584E+2
1.00826E+1	2.18850E+4	2.30021E+0	5.43103E+0	1.02306E+0	2.35286E+3	4.43218E+2
1.00739E+1	2.18870E+4	2.29518E+0	5.43131E+0	1.02303E+0	2.35814E+3	4.44174E+2
1.00655E+1	2.18820E+4	2.29418E+0	5.43165E+0	1.02296E+0	2.35931E+3	4.44334E+2
1.00573E+1	2.18890E+4	2.29005E+0	5.43203E+0	1.02285E+0	2.36373E+3	4.45089E+2
1.00486E+1	2.18880E+4	2.28907E+0	5.43250E+0	1.02277E+0	2.36494E+3	4.45245E+2
1.00403E+1	2.18810E+4	2.28748E+0	5.43265E+0	1.02265E+0	2.36666E+3	4.45502E+2
1.00319E+1	2.18870E+4	2.28602E+0	5.43321E+0	1.02256E+0	2.36841E+3	4.45749E+2
1.00233E+1	2.18800E+4	2.27960E+0	5.43350E+0	1.02254E+0	2.37522E+3	4.46998E+2
1.00149E+1	2.18840E+4	2.28198E+0	5.43386E+0	1.02241E+0	2.37289E+3	4.46473E+2
1.00067E+1	2.18850E+4	2.27964E+0	5.43425E+0	1.02231E+0	2.37550E+3	4.46888E+2
9.99800E+0	2.18830E+4	2.27906E+0	5.43462E+0	1.02227E+0	2.37627E+3	4.46985E+2
9.98970E+0	2.18830E+4	2.27680E+0	5.43513E+0	1.02214E+0	2.37885E+3	4.47369E+2
9.98120E+0	2.18830E+4	2.27680E+0	5.43545E+0	1.02203E+0	2.37899E+3	4.47320E+2
9.97270E+0	2.18810E+4	2.27625E+0	5.43581E+0	1.02193E+0	2.37972E+3	4.47384E+2
9.96430E+0	2.18850E+4	2.27012E+0	5.43618E+0	1.02188E+0	2.38630E+3	4.48571E+2
9.95590E+0	2.18830E+4	2.27029E+0	5.43671E+0	1.02180E+0	2.38636E+3	4.48504E+2
9.94730E+0	2.18780E+4	2.26944E+0	5.43691E+0	1.02167E+0	2.38734E+3	4.48614E+2
9.93890E+0	2.18780E+4	2.26272E+0	5.43734E+0	1.02167E+0	2.39463E+3	4.49948E+2
9.93060E+0	2.18760E+4	2.26037E+0	5.43761E+0	1.02152E+0	2.39724E+3	4.50350E+2
9.92230E+0	2.18780E+4	2.26162E+0	5.43801E+0	1.02138E+0	2.39608E+3	4.50037E+2
9.91350E+0	2.18780E+4	2.26126E+0	5.43848E+0	1.02131E+0	2.39667E+3	4.50076E+2
9.90520E+0	2.18780E+4	2.25649E+0	5.43888E+0	1.02125E+0	2.40191E+3	4.51002E+2
9.89680E+0	2.18780E+4	2.25869E+0	5.43921E+0	1.02114E+0	2.39972E+3	4.50515E+2
9.88820E+0	2.18750E+4	2.25646E+0	5.43939E+0	1.02100E+0	2.40218E+3	4.50900E+2
9.87990E+0	2.18800E+4	2.25413E+0	5.43977E+0	1.02093E+0	2.40482E+3	4.51335E+2
9.87160E+0	2.18740E+4	2.25259E+0	5.44019E+0	1.02083E+0	2.40665E+3	4.51601E+2
9.86270E+0	2.18760E+4	2.24863E+0	5.44037E+0	1.02072E+0	2.41097E+3	4.52345E+2
9.85460E+0	2.18740E+4	2.24495E+0	5.44103E+0	1.02073E+0	2.41521E+3	4.53091E+2
9.84620E+0	2.18770E+4	2.24132E+0	5.44136E+0	1.02061E+0	2.41928E+3	4.53775E+2
9.83750E+0	2.18730E+4	2.23782E+0	5.44147E+0	1.02047E+0	2.42311E+3	4.54418E+2
9.82920E+0	2.18750E+4	2.23799E+0	5.44199E+0	1.02043E+0	2.42315E+3	4.54366E+2
9.82080E+0	2.18760E+4	2.23836E+0	5.44251E+0	1.02028E+0	2.42299E+3	4.54224E+2
9.81210E+0	2.18710E+4	2.23397E+0	5.44263E+0	1.02016E+0	2.42780E+3	4.55066E+2
9.80390E+0	2.18740E+4	2.23857E+0	5.44348E+0	1.02012E+0	2.42319E+3	4.54112E+2
9.79560E+0	2.18740E+4	2.23225E+0	5.44358E+0	1.01999E+0	2.43009E+3	4.55339E+2
9.78690E+0	2.18710E+4	2.23263E+0	5.44392E+0	1.01993E+0	2.42983E+3	4.55234E+2
9.77870E+0	2.18700E+4	2.22874E+0	5.44427E+0	1.01979E+0	2.43423E+3	4.55964E+2
9.76980E+0	2.18740E+4	2.22813E+0	5.44456E+0	1.01965E+0	2.43503E+3	4.56027E+2
9.76160E+0	2.18720E+4	2.22458E+0	5.44512E+0	1.01963E+0	2.43916E+3	4.56748E+2
9.75330E+0	2.18700E+4	2.22337E+0	5.44539E+0	1.01947E+0	2.44062E+3	4.56924E+2
9.74480E+0	2.18710E+4	2.22242E+0	5.44586E+0	1.01947E+0	2.44187E+3	4.57118E+2
9.73620E+0	2.18690E+4	2.22083E+0	5.44623E+0	1.01936E+0	2.44378E+3	4.57397E+2
9.72790E+0	2.18720E+4	2.21930E+0	5.44652E+0	1.01920E+0	2.44559E+3	4.57640E+2
9.71960E+0	2.18680E+4	2.21423E+0	5.44689E+0	1.01920E+0	2.45136E+3	4.58686E+2
9.71090E+0	2.18650E+4	2.21465E+0	5.44728E+0	1.01909E+0	2.45107E+3	4.58552E+2
9.70270E+0	2.18670E+4	2.21109E+0	5.44749E+0	1.01895E+0	2.45511E+3	4.59225E+2
9.69430E+0	2.18690E+4	2.21194E+0	5.44798E+0	1.01886E+0	2.45440E+3	4.59010E+2
9.68560E+0	2.18680E+4	2.21202E+0	5.44834E+0	1.01875E+0	2.45447E+3	4.58944E+2
9.67720E+0	2.18630E+4	2.20671E+0	5.44871E+0	1.01865E+0	2.46054E+3	4.60003E+2
9.66890E+0	2.18660E+4	2.20685E+0	5.44922E+0	1.01864E+0	2.46062E+3	4.59971E+2
9.66060E+0	2.18610E+4	2.20399E+0	5.44928E+0	1.01846E+0	2.46383E+3	4.60485E+2
9.65190E+0	2.18670E+4	2.20185E+0	5.44977E+0	1.01840E+0	2.46645E+3	4.60907E+2
9.64370E+0	2.18640E+4	2.19745E+0	5.44998E+0	1.01834E+0	2.47148E+3	4.61799E+2
9.63530E+0	2.18620E+4	2.19610E+0	5.45038E+0	1.01820E+0	2.47319E+3	4.62022E+2
9.62650E+0	2.18620E+4	2.19384E+0	5.45077E+0	1.01810E+0	2.47591E+3	4.62451E+2
9.61820E+0	2.18630E+4	2.19156E+0	5.45102E+0	1.01801E+0	2.47860E+3	4.62895E+2
9.60990E+0	2.18630E+4	2.19060E+0	5.45144E+0	1.01787E+0	2.47988E+3	4.63033E+2
9.60120E+0	2.18580E+4	2.18950E+0	5.45197E+0	1.01787E+0	2.48136E+3	4.63265E+2
9.59280E+0	2.18600E+4	2.18742E+0	5.45217E+0	1.01769E+0	2.48382E+3	4.63624E+2
9.58450E+0	2.18580E+4	2.18492E+0	5.45269E+0	1.01761E+0	2.48689E+3	4.64118E+2
9.57590E+0	2.18600E+4	2.18501E+0	5.45311E+0	1.01750E+0	2.48698E+3	4.64047E+2
9.56760E+0	2.18610E+4	2.18138E+0	5.45349E+0	1.01749E+0	2.49130E+3	4.64816E+2
9.55870E+0	2.18600E+4	2.18015E+0	5.45382E+0	1.01737E+0	2.49285E+3	4.65023E+2
9.55040E+0	2.18610E+4	2.17581E+0	5.45414E+0	1.01727E+0	2.49797E+3	4.65904E+2
9.54230E+0	2.18570E+4	2.17370E+0	5.45467E+0	1.01725E+0	2.50064E+3	4.66346E+2
9.53350E+0	2.18570E+4	2.17445E+0	5.45504E+0	1.01714E+0	2.49995E+3	4.66137E+2
9.52520E+0	2.18540E+4	2.17473E+0	5.45534E+0	1.01698E+0	2.49976E+3	4.66000E+2
9.51690E+0	2.18540E+4	2.17114E+0	5.45589E+0	1.01697E+0	2.50414E+3	4.66770E+2
9.50820E+0	2.18590E+4	2.16840E+0	5.45596E+0	1.01679E+0	2.50735E+3	4.67276E+2
9.49980E+0	2.18560E+4	2.16516E+0	5.45649E+0	1.01673E+0	2.51133E+3	4.67948E+2
9.49160E+0	2.18570E+4	2.16336E+0	5.45683E+0	1.01666E+0	2.51358E+3	4.68302E+2
9.48330E+0	2.18550E+4	2.16307E+0	5.45712E+0	1.01650E+0	2.51405E+3	4.68293E+2
9.47440E+0	2.18530E+4	2.16469E+0	5.45755E+0	1.01637E+0	2.51236E+3	4.67884E+2
9.46610E+0	2.18570E+4	2.15744E+0	5.45785E+0	1.01635E+0	2.52095E+3	4.69448E+2
9.45780E+0	2.18520E+4	2.15882E+0	5.45810E+0	1.01620E+0	2.51945E+3	4.69076E+2
9.44920E+0	2.18550E+4	2.15636E+0	5.45863E+0	1.01612E+0	2.52258E+3	4.69578E+2
9.44090E+0	2.18500E+4	2.15402E+0	5.45902E+0	1.01609E+0	2.52550E+3	4.70073E+2
9.43250E+0	2.18550E+4	2.15121E+0	5.45945E+0	1.01600E+0	2.52899E+3	4.70643E+2
9.42390E+0	2.18510E+4	2.15046E+0	5.45977E+0	1.01584E+0	2.53003E+3	4.70735E+2
9.41560E+0	2.18510E+4	2.14991E+0	5.46017E+0	1.01579E+0	2.53085E+3	4.70829E+2
9.40730E+0	2.18520E+4	2.14726E+0	5.46051E+0	1.01568E+0	2.53414E+3	4.71360E+2
9.39900E+0	2.18480E+4	2.14516E+0	5.46097E+0	1.01562E+0	2.53683E+3	4.71796E+2
9.39030E+0	2.18470E+4	2.14292E+0	5.46122E+0	1.01550E+0	2.53960E+3	4.72232E+2
9.38190E+0	2.18500E+4	2.13961E+0	5.46178E+0	1.01548E+0	2.54379E+3	4.72952E+2
9.37360E+0	2.18500E+4	2.13958E+0	5.46200E+0	1.01529E+0	2.54392E+3	4.72872E+2
9.36550E+0	2.18500E+4	2.13575E+0	5.46244E+0	1.01525E+0	2.54870E+3	4.73701E+2
9.35660E+0	2.18480E+4	2.13776E+0	5.46286E+0	1.01514E+0	2.54649E+3	4.73205E+2
9.34830E+0	2.18450E+4	2.13441E+0	5.46309E+0	1.01502E+0	2.55060E+3	4.73892E+2
9.34000E+0	2.18490E+4	2.13223E+0	5.46369E+0	1.01493E+0	2.55349E+3	4.74335E+2
9.33170E+0	2.18450E+4	2.13040E+0	5.46391E+0	1.01486E+0	2.55578E+3	4.74708E+2
9.32300E+0	2.18470E+4	2.12684E+0	5.46420E+0	1.01473E+0	2.56020E+3	4.75444E+2
9.31470E+0	2.18460E+4	2.12419E+0	5.46484E+0	1.01471E+0	2.56369E+3	4.76024E+2
9.30650E+0	2.18460E+4	2.12275E+0	5.46479E+0	1.01453E+0	2.56540E+3	4.76264E+2
9.29760E+0	2.18440E+4	2.12088E+0	5.46539E+0	1.01451E+0	2.56795E+3	4.76676E+2
9.28920E+0	2.18450E+4	2.11937E+0	5.46570E+0	1.01438E+0	2.56993E+3	4.76954E+2
9.28110E+0	2.18440E+4	2.11825E+0	5.46591E+0	1.01424E+0	2.57138E+3	4.77139E+2
9.27230E+0	2.18430E+4	2.11470E+0	5.46636E+0	1.01420E+0	2.57591E+3	4.77921E+2
9.26390E+0	2.18410E+4	2.11497E+0	5.46648E+0	1.01405E+0	2.57564E+3	4.77791E+2
9.25560E+0	2.18390E+4	2.11247E+0	5.46707E+0	1.01398E+0	2.57897E+3	4.78323E+2
9.24730E+0	2.18420E+4	2.10839E+0	5.46766E+0	1.01393E+0	2.58424E+3	4.79224E+2
9.23870E+0	2.18390E+4	2.10578E+0	5.46781E+0	1.01384E+0	2.58752E+3	4.79776E+2
9.23030E+0	2.18400E+4	2.10533E+0	5.46817E+0	1.01369E+0	2.58824E+3	4.79808E+2
9.22200E+0	2.18370E+4	2.10698E+0	5.46883E+0	1.01359E+0	2.58652E+3	4.79385E+2
9.21320E+0	2.18410E+4	2.10170E+0	5.46906E+0	1.01357E+0	2.59312E+3	4.80580E+2
9.20490E+0	2.18370E+4	2.10388E+0	5.46949E+0	1.01344E+0	2.59064E+3	4.80018E+2
9.19660E+0	2.18380E+4	2.10012E+0	5.46977E+0	1.01332E+0	2.59541E+3	4.80819E+2
9.18830E+0	2.18350E+4	2.09731E+0	5.47014E+0	1.01323E+0	2.59906E+3	4.81421E+2
9.17960E+0	2.18350E+4	2.09663E+0	5.47048E+0	1.01316E+0	2.60008E+3	4.81545E+2
9.17130E+0	2.18380E+4	2.09683E+0	5.47085E+0	1.01298E+0	2.60000E+3	4.81417E+2
9.16300E+0	2.18380E+4	2.09503E+0	5.47138E+0	1.01293E+0	2.60248E+3	4.81804E+2
9.15460E+0	2.18350E+4	2.09175E+0	5.47181E+0	1.01291E+0	2.60678E+3	4.82549E+2
9.14600E+0	2.18380E+4	2.09072E+0	5.47198E+0	1.01274E+0	2.60814E+3	4.82707E+2
9.13760E+0	2.18340E+4	2.08823E+0	5.47268E+0	1.01274E+0	2.61158E+3	4.83280E+2
9.12940E+0	2.18340E+4	2.08459E+0	5.47267E+0	1.01256E+0	2.61613E+3	4.84038E+2
9.12110E+0	2.18370E+4	2.08224E+0	5.47315E+0	1.01250E+0	2.61932E+3	4.84557E+2
9.11240E+0	2.18330E+4	2.08226E+0	5.47358E+0	1.01239E+0	2.61950E+3	4.84499E+2
9.10410E+0	2.18340E+4	2.07639E+0	5.47370E+0	1.01228E+0	2.62696E+3	4.85818E+2
9.09570E+0	2.18320E+4	2.07845E+0	5.47430E+0	1.01220E+0	2.62465E+3	4.85298E+2
9.08700E+0	2.18330E+4	2.07493E+0	5.47463E+0	1.01217E+0	2.62926E+3	4.86109E+2
9.07880E+0	2.18310E+4	2.07600E+0	5.47518E+0	1.01207E+0	2.62817E+3	4.85808E+2
9.07050E+0	2.18280E+4	2.07178E+0	5.47545E+0	1.01199E+0	2.63365E+3	4.86759E+2
9.06210E+0	2.18300E+4	2.07191E+0	5.47589E+0	1.01184E+0	2.63370E+3	4.86656E+2
9.05340E+0	2.18280E+4	2.06870E+0	5.47615E+0	1.01171E+0	2.63790E+3	4.87346E+2
9.04510E+0	2.18300E+4	2.06715E+0	5.47674E+0	1.01166E+0	2.64017E+3	4.87688E+2
9.03670E+0	2.18290E+4	2.06314E+0	5.47686E+0	1.01151E+0	2.64536E+3	4.88567E+2
9.02820E+0	2.18300E+4	2.06080E+0	5.47722E+0	1.01147E+0	2.64854E+3	4.89099E+2
9.01980E+0	2.18270E+4	2.06224E+0	5.47764E+0	1.01134E+0	2.64689E+3	4.88699E+2
9.01150E+0	2.18290E+4	2.05971E+0	5.47806E+0	1.01131E+0	2.65034E+3	4.89280E+2
9.00270E+0	2.18250E+4	2.05756E+0	5.47838E+0	1.01122E+0	2.65328E+3	4.89750E+2
8.99450E+0	2.18250E+4	2.05630E+0	5.47865E+0	1.01101E+0	2.65502E+3	4.89950E+2
8.98620E+0	2.18240E+4	2.05290E+0	5.47902E+0	1.01095E+0	2.65960E+3	4.90730E+2
8.97790E+0	2.18250E+4	2.05219E+0	5.47944E+0	1.01083E+0	2.66073E+3	4.90843E+2
8.96920E+0	2.18260E+4	2.05116E+0	5.47960E+0	1.01069E+0	2.66213E+3	4.91018E+2
8.96080E+0	2.18210E+4	2.04767E+0	5.48029E+0	1.01071E+0	2.66701E+3	4.91868E+2
8.95240E+0	2.18230E+4	2.04597E+0	5.48050E+0	1.01058E+0	2.66933E+3	4.92212E+2
8.94370E+0	2.18210E+4	2.04628E+0	5.48105E+0	1.01048E+0	2.66920E+3	4.92091E+2
8.93540E+0	2.18180E+4	2.04176E+0	5.48158E+0	1.01047E+0	2.67536E+3	4.93174E+2
8.92720E+0	2.18220E+4	2.03957E+0	5.48178E+0	1.01033E+0	2.67833E+3	4.93637E+2
8.91870E+0	2.18180E+4	2.03845E+0	5.48211E+0	1.01022E+0	2.67997E+3	4.93854E+2
8.91010E+0	2.18190E+4	2.03540E+0	5.48270E+0	1.01024E+0	2.68427E+3	4.94603E+2
8.90170E+0	2.18190E+4	2.03328E+0	5.48289E+0	1.01004E+0	2.68716E+3	4.95018E+2
8.89350E+0	2.18210E+4	2.03497E+0	5.48340E+0	1.00992E+0	2.68518E+3	4.94549E+2
8.88510E+0	2.18180E+4	2.02938E+0	5.48376E+0	1.00984E+0	2.69276E+3	4.95875E+2
8.87650E+0	2.18180E+4	2.02960E+0	5.48407E+0	1.00979E+0	2.69261E+3	4.95794E+2
8.86810E+0	2.18180E+4	2.02588E+0	5.48437E+0	1.00968E+0	2.69770E+3	4.96653E+2
8.85980E+0	2.18150E+4	2.02455E+0	5.48474E+0	1.00956E+0	2.69966E+3	4.96920E+2
8.85100E+0	2.18160E+4	2.02271E+0	5.48517E+0	1.00949E+0	2.70233E+3	4.97337E+2
8.84280E+0	2.18150E+4	2.02397E+0	5.48555E+0	1.00937E+0	2.70083E+3	4.96965E+2
8.83450E+0	2.18140E+4	2.02183E+0	5.48599E+0	1.00928E+0	2.70391E+3	4.97448E+2
8.82580E+0	2.18160E+4	2.01829E+0	5.48640E+0	1.00918E+0	2.70885E+3	4.98274E+2
8.81840E+0	2.18140E+4	2.01499E+0	5.48671E+0	1.00907E+0	2.71344E+3	4.99032E+2
8.80910E+0	2.18120E+4	2.01483E+0	5.48712E+0	1.00899E+0	2.71387E+3	4.99033E+2
8.80050E+0	2.18130E+4	2.01275E+0	5.48754E+0	1.00888E+0	2.71688E+3	4.99494E+2
8.79210E+0	2.18110E+4	2.01158E+0	5.48760E+0	1.00867E+0	2.71849E+3	4.99682E+2
8.78390E+0	2.18100E+4	2.00937E+0	5.48828E+0	1.00868E+0	2.72182E+3	5.00239E+2
8.77560E+0	2.18130E+4	2.00718E+0	5.48857E+0	1.00854E+0	2.72493E+3	5.00713E+2
8.76690E+0	2.18120E+4	2.00392E+0	5.48899E+0	1.00852E+0	2.72956E+3	5.01517E+2
8.75860E+0	2.18150E+4	1.99986E+0	5.48926E+0	1.00838E+0	2.73524E+3	5.02466E+2
8.75020E+0	2.18100E+4	2.00111E+0	5.48980E+0	1.00837E+0	2.73380E+3	5.02146E+2
8.74150E+0	2.18070E+4	2.00108E+0	5.49010E+0	1.00821E+0	2.73399E+3	5.02074E+2
8.73310E+0	2.18080E+4	1.99947E+0	5.49032E+0	1.00806E+0	2.73630E+3	5.02404E+2
8.72480E+0	2.18080E+4	1.99783E+0	5.49063E+0	1.00794E+0	2.73871E+3	5.02757E+2
8.71620E+0	2.18080E+4	1.99373E+0	5.49119E+0	1.00792E+0	2.74461E+3	5.03782E+2
8.70780E+0	2.18100E+4	1.99042E+0	5.49155E+0	1.00783E+0	2.74936E+3	5.04573E+2
8.69950E+0	2.18070E+4	1.99218E+0	5.49200E+0	1.00774E+0	2.74716E+3	5.04080E+2
8.69070E+0	2.18070E+4	1.98501E+0	5.49216E+0	1.00766E+0	2.75716E+3	5.05863E+2
8.68250E+0	2.18030E+4	1.98742E+0	5.49259E+0	1.00755E+0	2.75403E+3	5.05192E+2
8.67420E+0	2.18050E+4	1.98263E+0	5.49294E+0	1.00750E+0	2.76087E+3	5.06391E+2
8.66550E+0	2.18060E+4	1.98178E+0	5.49346E+0	1.00739E+0	2.76231E+3	5.06552E+2
8.65720E+0	2.18020E+4	1.98076E+0	5.49372E+0	1.00732E+0	2.76386E+3	5.06775E+2
8.64890E+0	2.18020E+4	1.98124E+0	5.49420E+0	1.00715E+0	2.76344E+3	5.06570E+2
8.64060E+0	2.18030E+4	1.97742E+0	5.49434E+0	1.00703E+0	2.76885E+3	5.07488E+2
8.63190E+0	2.18000E+4	1.97547E+0	5.49494E+0	1.00698E+0	2.77187E+3	5.07964E+2
8.62350E+0	2.18010E+4	1.97238E+0	5.49526E+0	1.00688E+0	2.77639E+3	5.08711E+2
8.61520E+0	2.18010E+4	1.97075E+0	5.49549E+0	1.00676E+0	2.77880E+3	5.09069E+2
8.60680E+0	2.17990E+4	1.96962E+0	5.49604E+0	1.00667E+0	2.78067E+3	5.09314E+2
8.59820E+0	2.18000E+4	1.96741E+0	5.49646E+0	1.00661E+0	2.78401E+3	5.09855E+2
8.58980E+0	2.17960E+4	1.96559E+0	5.49663E+0	1.00644E+0	2.78666E+3	5.10244E+2
8.58160E+0	2.17980E+4	1.96402E+0	5.49729E+0	1.00647E+0	2.78923E+3	5.10667E+2
8.57270E+0	2.17950E+4	1.96329E+0	5.49761E+0	1.00631E+0	2.79044E+3	5.10773E+2
8.56450E+0	2.17990E+4	1.95878E+0	5.49779E+0	1.00627E+0	2.79695E+3	5.11927E+2
8.55610E+0	2.17990E+4	1.95858E+0	5.49826E+0	1.00614E+0	2.79746E+3	5.11914E+2
8.54740E+0	2.17960E+4	1.95572E+0	5.49852E+0	1.00601E+0	2.80170E+3	5.12600E+2
8.53920E+0	2.17980E+4	1.95481E+0	5.49899E+0	1.00585E+0	2.80324E+3	5.12758E+2
8.53090E+0	2.17920E+4	1.95042E+0	5.49932E+0	1.00581E+0	2.80972E+3	5.13888E+2
8.52210E+0	2.17980E+4	1.95091E+0	5.49967E+0	1.00573E+0	2.80919E+3	5.13719E+2
8.51390E+0	2.17910E+4	1.94845E+0	5.50015E+0	1.00568E+0	2.81297E+3	5.14339E+2
8.50560E+0	2.17920E+4	1.94861E+0	5.50051E+0	1.00549E+0	2.81294E+3	5.14203E+2
8.49690E+0	2.17960E+4	1.94605E+0	5.50103E+0	1.00545E+0	2.81691E+3	5.14860E+2
8.48840E+0	2.17910E+4	1.94374E+0	5.50129E+0	1.00540E+0	2.82039E+3	5.15446E+2
8.48010E+0	2.17930E+4	1.94198E+0	5.50165E+0	1.00520E+0	2.82312E+3	5.15806E+2
8.47190E+0	2.17920E+4	1.93872E+0	5.50224E+0	1.00521E+0	2.82817E+3	5.16684E+2
8.46320E+0	2.17900E+4	1.93978E+0	5.50243E+0	1.00504E+0	2.82672E+3	5.16311E+2
8.45490E+0	2.17910E+4	1.93519E+0	5.50253E+0	1.00490E+0	2.83349E+3	5.17466E+2
8.44620E+0	2.17920E+4	1.93316E+0	5.50323E+0	1.00491E+0	2.83682E+3	5.18012E+2
8.43790E+0	2.17840E+4	1.92892E+0	5.50362E+0	1.00486E+0	2.84325E+3	5.19126E+2
8.42950E+0	2.17880E+4	1.92833E+0	5.50387E+0	1.00472E+0	2.84425E+3	5.19212E+2
8.42090E+0	2.17870E+4	1.92911E+0	5.50439E+0	1.00461E+0	2.84337E+3	5.18945E+2
8.41250E+0	2.17850E+4	1.92597E+0	5.50463E+0	1.00448E+0	2.84813E+3	5.19725E+2
8.40420E+0	2.17890E+4	1.92538E+0	5.50521E+0	1.00440E+0	2.84931E+3	5.19844E+2
8.39590E+0	2.17840E+4	1.92273E+0	5.50547E+0	1.00430E+0	2.85337E+3	5.20507E+2
8.38720E+0	2.17860E+4	1.91981E+0	5.50568E+0	1.00416E+0	2.85782E+3	5.21224E+2
8.37890E+0	2.17830E+4	1.91817E+0	5.50626E+0	1.00409E+0	2.86057E+3	5.21634E+2
8.37060E+0	2.17830E+4	1.91673E+0	5.50659E+0	1.00401E+0	2.86288E+3	5.21987E+2
8.36180E+0	2.17810E+4	1.91713E+0	5.50696E+0	1.00388E+0	2.86247E+3	5.21806E+2
8.35350E+0	2.17840E+4	1.91439E+0	5.50763E+0	1.00385E+0	2.86693E+3	5.22540E+2
8.34530E+0	2.17830E+4	1.91243E+0	5.50758E+0	1.00368E+0	2.86984E+3	5.22986E+2
8.33660E+0	2.17800E+4	1.90895E+0	5.50806E+0	1.00368E+0	2.87531E+3	5.23942E+2
8.32810E+0	2.17820E+4	1.90670E+0	5.50825E+0	1.00354E+0	2.87881E+3	5.24484E+2
8.31990E+0	2.17840E+4	1.90818E+0	5.50873E+0	1.00337E+0	2.87683E+3	5.23992E+2
8.31160E+0	2.17790E+4	1.90431E+0	5.50930E+0	1.00336E+0	2.88297E+3	5.25048E+2
8.30290E+0	2.17800E+4	1.90093E+0	5.50961E+0	1.00325E+0	2.88825E+3	5.25924E+2
8.29450E+0	2.17800E+4	1.90047E+0	5.51018E+0	1.00316E+0	2.88926E+3	5.26007E+2
8.28580E+0	2.17790E+4	1.89851E+0	5.51033E+0	1.00304E+0	2.89232E+3	5.26488E+2
8.27750E+0	2.17780E+4	1.89471E+0	5.51066E+0	1.00300E+0	2.89830E+3	5.27523E+2
8.26920E+0	2.17750E+4	1.89341E+0	5.51129E+0	1.00289E+0	2.90062E+3	5.27827E+2
8.26050E+0	2.17770E+4	1.89368E+0	5.51149E+0	1.00281E+0	2.90031E+3	5.27709E+2
8.25210E+0	2.17790E+4	1.89211E+0	5.51173E+0	1.00260E+0	2.90284E+3	5.28038E+2
8.24390E+0	2.17740E+4	1.89015E+0	5.51232E+0	1.00261E+0	2.90617E+3	5.28592E+2
8.23510E+0	2.17760E+4	1.88871E+0	5.51257E+0	1.00248E+0	2.90851E+3	5.28923E+2
8.22680E+0	2.17780E+4	1.88486E+0	5.51291E+0	1.00236E+0	2.91464E+3	5.29942E+2
8.21860E+0	2.17760E+4	1.88402E+0	5.51333E+0	1.00227E+0	2.91616E+3	5.30129E+2
8.20980E+0	2.17710E+4	1.88372E+0	5.51366E+0	1.00212E+0	2.91679E+3	5.30133E+2
8.20150E+0	2.17750E+4	1.87985E+0	5.51428E+0	1.00208E+0	2.92313E+3	5.31205E+2
8.19310E+0	2.17740E+4	1.88014E+0	5.51450E+0	1.00190E+0	2.92280E+3	5.31029E+2
8.18450E+0	2.17720E+4	1.87653E+0	5.51488E+0	1.00190E+0	2.92862E+3	5.32050E+2
8.17610E+0	2.17720E+4	1.87325E+0	5.51511E+0	1.00176E+0	2.93386E+3	5.32902E+2
8.16790E+0	2.17730E+4	1.87128E+0	5.51543E+0	1.00167E+0	2.93712E+3	5.33419E+2
8.15910E+0	2.17680E+4	1.87026E+0	5.51602E+0	1.00160E+0	2.93904E+3	5.33671E+2
8.15090E+0	2.17680E+4	1.86812E+0	5.51623E+0	1.00152E+0	2.94252E+3	5.34242E+2
8.14250E+0	2.17670E+4	1.86759E+0	5.51681E+0	1.00140E+0	2.94367E+3	5.34328E+2
8.13430E+0	2.17700E+4	1.86510E+0	5.51710E+0	1.00131E+0	2.94775E+3	5.34992E+2
8.12560E+0	2.17700E+4	1.86115E+0	5.51727E+0	1.00122E+0	2.95409E+3	5.36081E+2
8.11720E+0	2.17690E+4	1.86159E+0	5.51788E+0	1.00112E+0	2.95372E+3	5.35899E+2
8.10890E+0	2.17650E+4	1.85905E+0	5.51809E+0	1.00103E+0	2.95787E+3	5.36581E+2
8.10020E+0	2.17670E+4	1.85853E+0	5.51853E+0	1.00090E+0	2.95894E+3	5.36663E+2
8.09190E+0	2.17650E+4	1.85766E+0	5.51910E+0	1.00085E+0	2.96062E+3	5.36891E+2
8.08360E+0	2.17650E+4	1.85605E+0	5.51924E+0	1.00075E+0	2.96327E+3	5.37299E+2
8.07520E+0	2.17660E+4	1.85128E+0	5.51963E+0	1.00060E+0	2.97111E+3	5.38605E+2
8.06660E+0	2.17660E+4	1.85031E+0	5.52005E+0	1.00054E+0	2.97290E+3	5.38858E+2
8.05840E+0	2.17660E+4	1.84994E+0	5.52022E+0	1.00040E+0	2.97358E+3	5.38887E+2
8.05000E+0	2.17630E+4	1.84637E+0	5.52086E+0	1.00028E+0	2.97969E+3	5.39868E+2
8.04130E+0	2.17650E+4	1.84557E+0	5.52101E+0	1.00020E+0	2.98106E+3	5.40057E+2
8.03300E+0	2.17630E+4	1.84258E+0	5.52139E+0	1.00014E+0	2.98609E+3	5.40896E+2
8.02460E+0	2.17610E+4	1.84114E+0	5.52178E+0	1.00001E+0	2.98865E+3	5.41250E+2
8.01590E+0	2.17640E+4	1.83920E+0	5.52220E+0	9.99977E-1	2.99203E+3	5.41806E+2
8.00760E+0	2.17570E+4	1.83848E+0	5.52272E+0	9.99865E-1	2.99347E+3	5.41956E+2
7.99930E+0	2.17580E+4	1.83497E+0	5.52310E+0	9.99773E-1	2.99941E+3	5.42942E+2
7.99100E+0	2.17580E+4	1.83290E+0	5.52346E+0	9.99671E-1	3.00298E+3	5.43499E+2
7.98230E+0	2.17600E+4	1.83091E+0	5.52393E+0	9.99595E-1	3.00651E+3	5.44049E+2
7.97400E+0	2.17580E+4	1.83097E+0	5.52425E+0	9.99462E-1	3.00659E+3	5.43960E+2
7.96560E+0	2.17580E+4	1.82798E+0	5.52453E+0	9.99360E-1	3.01166E+3	5.44794E+2
7.95680E+0	2.17550E+4	1.82580E+0	5.52491E+0	9.99254E-1	3.01545E+3	5.45386E+2
7.94860E+0	2.17560E+4	1.82434E+0	5.52523E+0	9.99132E-1	3.01805E+3	5.45757E+2
7.94020E+0	2.17560E+4	1.82254E+0	5.52558E+0	9.99030E-1	3.02123E+3	5.46241E+2
7.93150E+0	2.17550E+4	1.82189E+0	5.52604E+0	9.98931E-1	3.02255E+3	5.46382E+2
7.92320E+0	2.17500E+4	1.81740E+0	5.52601E+0	9.98788E-1	3.03000E+3	5.47652E+2
7.91500E+0	2.17510E+4	1.81591E+0	5.52674E+0	9.98763E-1	3.03289E+3	5.48088E+2
7.90650E+0	2.17510E+4	1.81585E+0	5.52716E+0	9.98633E-1	3.03322E+3	5.48034E+2
7.89780E+0	2.17530E+4	1.81316E+0	5.52742E+0	9.98567E-1	3.03787E+3	5.48812E+2
7.88960E+0	2.17510E+4	1.81161E+0	5.52795E+0	9.98529E-1	3.04076E+3	5.49260E+2
7.88130E+0	2.17530E+4	1.80802E+0	5.52837E+0	9.98392E-1	3.04703E+3	5.50276E+2
7.87300E+0	2.17500E+4	1.80820E+0	5.52863E+0	9.98304E-1	3.04686E+3	5.50171E+2
7.86420E+0	2.17520E+4	1.80562E+0	5.52925E+0	9.98232E-1	3.05156E+3	5.50919E+2
7.85600E+0	2.17490E+4	1.80335E+0	5.52954E+0	9.98139E-1	3.05555E+3	5.51559E+2
7.84760E+0	2.17490E+4	1.80151E+0	5.52974E+0	9.98006E-1	3.05879E+3	5.52049E+2
7.83890E+0	2.17500E+4	1.80013E+0	5.53038E+0	9.97965E-1	3.06148E+3	5.52449E+2
7.83060E+0	2.17490E+4	1.79749E+0	5.53063E+0	9.97825E-1	3.06613E+3	5.53185E+2
7.82230E+0	2.17490E+4	1.79674E+0	5.53121E+0	9.97740E-1	3.06772E+3	5.53367E+2
7.81400E+0	2.17490E+4	1.79530E+0	5.53132E+0	9.97644E-1	3.07025E+3	5.53759E+2
7.80530E+0	2.17470E+4	1.79475E+0	5.53203E+0	9.97588E-1	3.07158E+3	5.53897E+2
7.79690E+0	2.17490E+4	1.79329E+0	5.53235E+0	9.97494E-1	3.07426E+3	5.54296E+2
7.78870E+0	2.17440E+4	1.78940E+0	5.53265E+0	9.97367E-1	3.08111E+3	5.55429E+2
7.78040E+0	2.17430E+4	1.78810E+0	5.53301E+0	9.97277E-1	3.08354E+3	5.55782E+2
7.77170E+0	2.17460E+4	1.78628E+0	5.53336E+0	9.97211E-1	3.08688E+3	5.56312E+2
7.76330E+0	2.17400E+4	1.78342E+0	5.53354E+0	9.97055E-1	3.09194E+3	5.57117E+2
7.75520E+0	2.17460E+4	1.78336E+0	5.53426E+0	9.96969E-1	3.09244E+3	5.57087E+2
7.74630E+0	2.17430E+4	1.78097E+0	5.53451E+0	9.96876E-1	3.09673E+3	5.57783E+2
7.73790E+0	2.17410E+4	1.77888E+0	5.53509E+0	9.96756E-1	3.10069E+3	5.58371E+2
7.72960E+0	2.17410E+4	1.77562E+0	5.53536E+0	9.96739E-1	3.10654E+3	5.59387E+2
7.72150E+0	2.17390E+4	1.77385E+0	5.53565E+0	9.96645E-1	3.10981E+3	5.59893E+2
7.71270E+0	2.17410E+4	1.77423E+0	5.53619E+0	9.96511E-1	3.10945E+3	5.59699E+2
7.70440E+0	2.17400E+4	1.76997E+0	5.53644E+0	9.96465E-1	3.11707E+3	5.61019E+2
7.69600E+0	2.17410E+4	1.76850E+0	5.53679E+0	9.96342E-1	3.11985E+3	5.61415E+2
7.68740E+0	2.17370E+4	1.76869E+0	5.53721E+0	9.96228E-1	3.11977E+3	5.61293E+2
7.67900E+0	2.17380E+4	1.76602E+0	5.53743E+0	9.96093E-1	3.12461E+3	5.62065E+2
7.67070E+0	2.17360E+4	1.76555E+0	5.53800E+0	9.96073E-1	3.12575E+3	5.62202E+2
7.66240E+0	2.17380E+4	1.76263E+0	5.53846E+0	9.95945E-1	3.13120E+3	5.63063E+2
7.65380E+0	2.17360E+4	1.76124E+0	5.53867E+0	9.95802E-1	3.13378E+3	5.63425E+2
7.64530E+0	2.17370E+4	1.75909E+0	5.53892E+0	9.95684E-1	3.13775E+3	5.64046E+2
7.63690E+0	2.17360E+4	1.75519E+0	5.53941E+0	9.95618E-1	3.14500E+3	5.65262E+2
7.62830E+0	2.17390E+4	1.75427E+0	5.53985E+0	9.95530E-1	3.14690E+3	5.65509E+2
7.61990E+0	2.17340E+4	1.75212E+0	5.54016E+0	9.95455E-1	3.15095E+3	5.66162E+2
7.61170E+0	2.17340E+4	1.75048E+0	5.54041E+0	9.95344E-1	3.15403E+3	5.66626E+2
7.60280E+0	2.17340E+4	1.74866E+0	5.54083E+0	9.95220E-1	3.15755E+3	5.67146E+2
7.59470E+0	2.17290E+4	1.74694E+0	5.54120E+0	9.95104E-1	3.16087E+3	5.67638E+2
7.58630E+0	2.17290E+4	1.74570E+0	5.54164E+0	9.95002E-1	3.16338E+3	5.67985E+2
7.57790E+0	2.17290E+4	1.74433E+0	5.54229E+0	9.94971E-1	3.16623E+3	5.68412E+2
7.56920E+0	2.17270E+4	1.74126E+0	5.54226E+0	9.94809E-1	3.17179E+3	5.69322E+2
7.56090E+0	2.17340E+4	1.73831E+0	5.54271E+0	9.94742E-1	3.17744E+3	5.70250E+2
7.55260E+0	2.17290E+4	1.73742E+0	5.54311E+0	9.94641E-1	3.17929E+3	5.70483E+2
7.54390E+0	2.17300E+4	1.73727E+0	5.54333E+0	9.94473E-1	3.17969E+3	5.70436E+2
7.53560E+0	2.17310E+4	1.73372E+0	5.54398E+0	9.94469E-1	3.18658E+3	5.71602E+2
7.52730E+0	2.17240E+4	1.73253E+0	5.54416E+0	9.94340E-1	3.18887E+3	5.71921E+2
7.51860E+0	2.17260E+4	1.72896E+0	5.54464E+0	9.94318E-1	3.19573E+3	5.73089E+2
7.51020E+0	2.17280E+4	1.72875E+0	5.54511E+0	9.94200E-1	3.19639E+3	5.73090E+2
7.50200E+0	2.17240E+4	1.72587E+0	5.54525E+0	9.94070E-1	3.20180E+3	5.73971E+2
7.49370E+0	2.17230E+4	1.72619E+0	5.54574E+0	9.93972E-1	3.20148E+3	5.73807E+2
7.48500E+0	2.17250E+4	1.72362E+0	5.54619E+0	9.93935E-1	3.20653E+3	5.74644E+2
7.47670E+0	2.17250E+4	1.72243E+0	5.54635E+0	9.93750E-1	3.20882E+3	5.74932E+2
7.46840E+0	2.17220E+4	1.71866E+0	5.54679E+0	9.93659E-1	3.21613E+3	5.76142E+2
7.46000E+0	2.17250E+4	1.71594E+0	5.54710E+0	9.93575E-1	3.22141E+3	5.77007E+2
7.45140E+0	2.17230E+4	1.71607E+0	5.54761E+0	9.93534E-1	3.22147E+3	5.76939E+2
7.44310E+0	2.17220E+4	1.71417E+0	5.54769E+0	9.93350E-1	3.22508E+3	5.77471E+2
7.43440E+0	2.17210E+4	1.71296E+0	5.54840E+0	9.93325E-1	3.22776E+3	5.77863E+2
7.42610E+0	2.17250E+4	1.70994E+0	5.54870E+0	9.93170E-1	3.23364E+3	5.78794E+2
7.41770E+0	2.17210E+4	1.70879E+0	5.54904E+0	9.93090E-1	3.23601E+3	5.79137E+2
7.40950E+0	2.17210E+4	1.70597E+0	5.54946E+0	9.93029E-1	3.24162E+3	5.80060E+2
7.40080E+0	2.17170E+4	1.70522E+0	5.55002E+0	9.92924E-1	3.24337E+3	5.80253E+2
7.39240E+0	2.17230E+4	1.70310E+0	5.55011E+0	9.92785E-1	3.24746E+3	5.80895E+2
7.38400E+0	2.17180E+4	1.70143E+0	5.55074E+0	9.92685E-1	3.25100E+3	5.81404E+2
7.37540E+0	2.17180E+4	1.69968E+0	5.55116E+0	9.92601E-1	3.25460E+3	5.81954E+2
7.36710E+0	2.17170E+4	1.69644E+0	5.55134E+0	9.92503E-1	3.26093E+3	5.83008E+2
7.35880E+0	2.17190E+4	1.69493E+0	5.55185E+0	9.92395E-1	3.26413E+3	5.83464E+2
7.35020E+0	2.17180E+4	1.69332E+0	5.55223E+0	9.92344E-1	3.26747E+3	5.83991E+2
7.34180E+0	2.17140E+4	1.69128E+0	5.55253E+0	9.92246E-1	3.27157E+3	5.84635E+2
7.33350E+0	2.17160E+4	1.69018E+0	5.55315E+0	9.92178E-1	3.27408E+3	5.84977E+2
7.32470E+0	2.17170E+4	1.68695E+0	5.55345E+0	9.92067E-1	3.28052E+3	5.86032E+2
7.31640E+0	2.17170E+4	1.68607E+0	5.55375E+0	9.91949E-1	3.28241E+3	5.86268E+2
7.30810E+0	2.17120E+4	1.68541E+0	5.55408E+0	9.91865E-1	3.28388E+3	5.86446E+2
7.29970E+0	2.17110E+4	1.68324E+0	5.55445E+0	9.91710E-1	3.28835E+3	5.87112E+2
7.29100E+0	2.17130E+4	1.68072E+0	5.55501E+0	9.91693E-1	3.29360E+3	5.87980E+2
7.28270E+0	2.17120E+4	1.67844E+0	5.55514E+0	9.91534E-1	3.29816E+3	5.88686E+2
7.27430E+0	2.17120E+4	1.67691E+0	5.55565E+0	9.91477E-1	3.30146E+3	5.89188E+2
7.26560E+0	2.17140E+4	1.67294E+0	5.55600E+0	9.91365E-1	3.30952E+3	5.90521E+2
7.25730E+0	2.17080E+4	1.67512E+0	5.55638E+0	9.91210E-1	3.30543E+3	5.89660E+2
7.24890E+0	2.17110E+4	1.67217E+0	5.55691E+0	9.91224E-1	3.31158E+3	5.90708E+2
7.24020E+0	2.17060E+4	1.66840E+0	5.55721E+0	9.91139E-1	3.31924E+3	5.91994E+2
7.23180E+0	2.17040E+4	1.66769E+0	5.55770E+0	9.91019E-1	3.32094E+3	5.92173E+2
7.22360E+0	2.17040E+4	1.66572E+0	5.55798E+0	9.90869E-1	3.32504E+3	5.92783E+2
7.21530E+0	2.17050E+4	1.66406E+0	5.55833E+0	9.90766E-1	3.32856E+3	5.93313E+2
7.20650E+0	2.17090E+4	1.66191E+0	5.55883E+0	9.90733E-1	3.33317E+3	5.94061E+2
7.19810E+0	2.17060E+4	1.66007E+0	5.55910E+0	9.90626E-1	3.33704E+3	5.94657E+2
7.18990E+0	2.17090E+4	1.66009E+0	5.55943E+0	9.90475E-1	3.33720E+3	5.94559E+2
7.18160E+0	2.17030E+4	1.65826E+0	5.55989E+0	9.90416E-1	3.34115E+3	5.95179E+2
7.17290E+0	2.17030E+4	1.65425E+0	5.56014E+0	9.90314E-1	3.34940E+3	5.96561E+2
7.16460E+0	2.17050E+4	1.65312E+0	5.56074E+0	9.90229E-1	3.35205E+3	5.96917E+2
7.15620E+0	2.17020E+4	1.65026E+0	5.56103E+0	9.90158E-1	3.35802E+3	5.97905E+2
7.14760E+0	2.17030E+4	1.64950E+0	5.56133E+0	9.90007E-1	3.35977E+3	5.98093E+2
7.13920E+0	2.17040E+4	1.64761E+0	5.56169E+0	9.89914E-1	3.36383E+3	5.98721E+2
7.13110E+0	2.17040E+4	1.64583E+0	5.56222E+0	9.89841E-1	3.36779E+3	5.99326E+2
7.12230E+0	2.17010E+4	1.64459E+0	5.56263E+0	9.89768E-1	3.37058E+3	5.99734E+2
7.11410E+0	2.17000E+4	1.64290E+0	5.56301E+0	9.89684E-1	3.37428E+3	6.00299E+2
7.10570E+0	2.17020E+4	1.64052E+0	5.56323E+0	9.89571E-1	3.37929E+3	6.01099E+2
7.09740E+0	2.17000E+4	1.63787E+0	5.56384E+0	9.89457E-1	3.38513E+3	6.02002E+2
7.08860E+0	2.16990E+4	1.63602E+0	5.56403E+0	9.89413E-1	3.38908E+3	6.02658E+2
7.08030E+0	2.16970E+4	1.63505E+0	5.56433E+0	9.89232E-1	3.39128E+3	6.02906E+2
7.07200E+0	2.16980E+4	1.63315E+0	5.56486E+0	9.89167E-1	3.39554E+3	6.03566E+2
7.06340E+0	2.16990E+4	1.63126E+0	5.56511E+0	9.89095E-1	3.39963E+3	6.04221E+2
7.05500E+0	2.16950E+4	1.62905E+0	5.56554E+0	9.88978E-1	3.40450E+3	6.04969E+2
7.04670E+0	2.16960E+4	1.62704E+0	5.56584E+0	9.88871E-1	3.40889E+3	6.05651E+2
7.03800E+0	2.16950E+4	1.62572E+0	5.56622E+0	9.88812E-1	3.41189E+3	6.06106E+2
7.02970E+0	2.16950E+4	1.62385E+0	5.56662E+0	9.88716E-1	3.41608E+3	6.06747E+2
7.02140E+0	2.16950E+4	1.62294E+0	5.56695E+0	9.88565E-1	3.41820E+3	6.06995E+2
7.01260E+0	2.16960E+4	1.61863E+0	5.56732E+0	9.88476E-1	3.42752E+3	6.08554E+2
7.00440E+0	2.16950E+4	1.61765E+0	5.56786E+0	9.88350E-1	3.42992E+3	6.08845E+2
6.99610E+0	2.16910E+4	1.61644E+0	5.56797E+0	9.88260E-1	3.43256E+3	6.09245E+2
6.98730E+0	2.16910E+4	1.61537E+0	5.56855E+0	9.88206E-1	3.43520E+3	6.09618E+2
6.97890E+0	2.16920E+4	1.61127E+0	5.56888E+0	9.88155E-1	3.44414E+3	6.11137E+2
6.97060E+0	2.16910E+4	1.61083E+0	5.56926E+0	9.88003E-1	3.44533E+3	6.11211E+2
6.96230E+0	2.16920E+4	1.60844E+0	5.56969E+0	9.87889E-1	3.45071E+3	6.12048E+2
6.95350E+0	2.16870E+4	1.60690E+0	5.57006E+0	9.87788E-1	3.45424E+3	6.12571E+2
6.94520E+0	2.16880E+4	1.60398E+0	5.57040E+0	9.87685E-1	3.46075E+3	6.13623E+2
6.93690E+0	2.16880E+4	1.60320E+0	5.57089E+0	9.87594E-1	3.46273E+3	6.13864E+2
6.92810E+0	2.16890E+4	1.60092E+0	5.57126E+0	9.87521E-1	3.46790E+3	6.14695E+2
6.91980E+0	2.16870E+4	1.60041E+0	5.57165E+0	9.87435E-1	3.46925E+3	6.14836E+2
6.91150E+0	2.16870E+4	1.59883E+0	5.57195E+0	9.87312E-1	3.47286E+3	6.15368E+2
6.90330E+0	2.16840E+4	1.59561E+0	5.57243E+0	9.87258E-1	3.48017E+3	6.16575E+2
6.89450E+0	2.16860E+4	1.59528E+0	5.57277E+0	9.87155E-1	3.48110E+3	6.16639E+2
6.88620E+0	2.16830E+4	1.59112E+0	5.57301E+0	9.87075E-1	3.49035E+3	6.18200E+2
6.87780E+0	2.16870E+4	1.58954E+0	5.57351E+0	9.86918E-1	3.49413E+3	6.18715E+2
6.86930E+0	2.16820E+4	1.58906E+0	5.57375E+0	9.86774E-1	3.49533E+3	6.18812E+2
6.86090E+0	2.16830E+4	1.58760E+0	5.57397E+0	9.86665E-1	3.49870E+3	6.19315E+2
6.85250E+0	2.16850E+4	1.58346E+0	5.57450E+0	9.86599E-1	3.50817E+3	6.20890E+2
6.84380E+0	2.16820E+4	1.58335E+0	5.57471E+0	9.86512E-1	3.50855E+3	6.20880E+2
6.83550E+0	2.16800E+4	1.58111E+0	5.57514E+0	9.86421E-1	3.51380E+3	6.21703E+2
6.82730E+0	2.16820E+4	1.57981E+0	5.57564E+0	9.86303E-1	3.51700E+3	6.22139E+2
6.81900E+0	2.16830E+4	1.57786E+0	5.57585E+0	9.86148E-1	3.52146E+3	6.22809E+2
6.81020E+0	2.16770E+4	1.57515E+0	5.57631E+0	9.86116E-1	3.52781E+3	6.23859E+2
6.80190E+0	2.16800E+4	1.57337E+0	5.57681E+0	9.86099E-1	3.53213E+3	6.24556E+2
6.79370E+0	2.16770E+4	1.57149E+0	5.57707E+0	9.85963E-1	3.53653E+3	6.25219E+2
6.78540E+0	2.16800E+4	1.56905E+0	5.57766E+0	9.85882E-1	3.54239E+3	6.26137E+2
6.77780E+0	2.16750E+4	1.56790E+0	5.57785E+0	9.85742E-1	3.54511E+3	6.26508E+2
6.76830E+0	2.16810E+4	1.56607E+0	5.57826E+0	9.85654E-1	3.54953E+3	6.27185E+2
6.76010E+0	2.16750E+4	1.56570E+0	5.57873E+0	9.85541E-1	3.55065E+3	6.27260E+2
6.75180E+0	2.16790E+4	1.56265E+0	5.57895E+0	9.85455E-1	3.55774E+3	6.28431E+2
6.74300E+0	2.16730E+4	1.56141E+0	5.57941E+0	9.85325E-1	3.56085E+3	6.28847E+2
6.73470E+0	2.16760E+4	1.56034E+0	5.58002E+0	9.85289E-1	3.56368E+3	6.29255E+2
6.72630E+0	2.16750E+4	1.55819E+0	5.58018E+0	9.85190E-1	3.56869E+3	6.30058E+2
6.71770E+0	2.16720E+4	1.55606E+0	5.58068E+0	9.85061E-1	3.57390E+3	6.30839E+2
6.70940E+0	2.16730E+4	1.55263E+0	5.58089E+0	9.85000E-1	3.58193E+3	6.32194E+2
6.70110E+0	2.16710E+4	1.55181E+0	5.58156E+0	9.84950E-1	3.58424E+3	6.32494E+2
6.69270E+0	2.16700E+4	1.55054E+0	5.58172E+0	9.84774E-1	3.58729E+3	6.32900E+2
6.68400E+0	2.16710E+4	1.54902E+0	5.58218E+0	9.84677E-1	3.59110E+3	6.33457E+2
6.67580E+0	2.16700E+4	1.54601E+0	5.58264E+0	9.84648E-1	3.59840E+3	6.34674E+2
6.66750E+0	2.16700E+4	1.54535E+0	5.58282E+0	9.84508E-1	3.60006E+3	6.34857E+2
6.65880E+0	2.16680E+4	1.54373E+0	5.58331E+0	9.84393E-1	3.60416E+3	6.35448E+2
6.65040E+0	2.16690E+4	1.54142E+0	5.58378E+0	9.84305E-1	3.60986E+3	6.36344E+2
6.64210E+0	2.16660E+4	1.53921E+0	5.58395E+0	9.84189E-1	3.61514E+3	6.37181E+2
6.63330E+0	2.16670E+4	1.53536E+0	5.58420E+0	9.84115E-1	3.62438E+3	6.38732E+2
6.62490E+0	2.16650E+4	1.53516E+0	5.58490E+0	9.84035E-1	3.62529E+3	6.38760E+2
6.61660E+0	2.16680E+4	1.53369E+0	5.58525E+0	9.83882E-1	3.62900E+3	6.39274E+2
6.60820E+0	2.16640E+4	1.53139E+0	5.58571E+0	9.83874E-1	3.63474E+3	6.40228E+2
6.59960E+0	2.16650E+4	1.52917E+0	5.58601E+0	9.83716E-1	3.64022E+3	6.41055E+2
6.59130E+0	2.16660E+4	1.52975E+0	5.58633E+0	9.83665E-1	3.63903E+3	6.40778E+2
6.58300E+0	2.16650E+4	1.52630E+0	5.58682E+0	9.83584E-1	3.64761E+3	6.42176E+2
6.57430E+0	2.16640E+4	1.52347E+0	5.58688E+0	9.83417E-1	3.65440E+3	6.43258E+2
6.56600E+0	2.16660E+4	1.52292E+0	5.58770E+0	9.83415E-1	3.65626E+3	6.43489E+2
6.55760E+0	2.16640E+4	1.51997E+0	5.58796E+0	9.83264E-1	3.66354E+3	6.44641E+2
6.54920E+0	2.16620E+4	1.52121E+0	5.58831E+0	9.83193E-1	3.66078E+3	6.44068E+2
6.54060E+0	2.16610E+4	1.51589E+0	5.58864E+0	9.83114E-1	3.67383E+3	6.46274E+2
6.53230E+0	2.16620E+4	1.51429E+0	5.58886E+0	9.82935E-1	3.67786E+3	6.46840E+2
6.52400E+0	2.16600E+4	1.51266E+0	5.58948E+0	9.82945E-1	3.68224E+3	6.47545E+2
6.51530E+0	2.16610E+4	1.51198E+0	5.58970E+0	9.82816E-1	3.68403E+3	6.47749E+2
6.50700E+0	2.16600E+4	1.50996E+0	5.59027E+0	9.82741E-1	3.68934E+3	6.48566E+2
6.49870E+0	2.16600E+4	1.50757E+0	5.59055E+0	9.82641E-1	3.69538E+3	6.49530E+2
6.48990E+0	2.16570E+4	1.50687E+0	5.59078E+0	9.82495E-1	3.69724E+3	6.49734E+2
6.48150E+0	2.16590E+4	1.50414E+0	5.59130E+0	9.82426E-1	3.70430E+3	6.50869E+2
6.47300E+0	2.16550E+4	1.50225E+0	5.59173E+0	9.82311E-1	3.70926E+3	6.51613E+2
6.46460E+0	2.16540E+4	1.49985E+0	5.59183E+0	9.82210E-1	3.71524E+3	6.52586E+2
6.45640E+0	2.16600E+4	1.49897E+0	5.59251E+0	9.82146E-1	3.71788E+3	6.52927E+2
6.44770E+0	2.16550E+4	1.49574E+0	5.59268E+0	9.82028E-1	3.72601E+3	6.54256E+2
6.43940E+0	2.16560E+4	1.49521E+0	5.59323E+0	9.81896E-1	3.72770E+3	6.54401E+2
6.43110E+0	2.16560E+4	1.49291E+0	5.59361E+0	9.81822E-1	3.73370E+3	6.55360E+2
6.42270E+0	2.16560E+4	1.48950E+0	5.59384E+0	9.81716E-1	3.74240E+3	6.56789E+2
6.41400E+0	2.16530E+4	1.49034E+0	5.59419E+0	9.81617E-1	3.74052E+3	6.56352E+2
6.40560E+0	2.16550E+4	1.48734E+0	5.59457E+0	9.81514E-1	3.74834E+3	6.57611E+2
6.39740E+0	2.16550E+4	1.48481E+0	5.59497E+0	9.81389E-1	3.75499E+3	6.58647E+2
6.38870E+0	2.16520E+4	1.48340E+0	5.59529E+0	9.81319E-1	3.75877E+3	6.59225E+2
6.38040E+0	2.16540E+4	1.48215E+0	5.59572E+0	9.81283E-1	3.76222E+3	6.59756E+2
6.37200E+0	2.16520E+4	1.48120E+0	5.59625E+0	9.81200E-1	3.76499E+3	6.60122E+2
6.36340E+0	2.16480E+4	1.47780E+0	5.59653E+0	9.81085E-1	3.77386E+3	6.61566E+2
6.35500E+0	2.16530E+4	1.47667E+0	5.59709E+0	9.81024E-1	3.77712E+3	6.62031E+2
6.34670E+0	2.16530E+4	1.47495E+0	5.59721E+0	9.80904E-1	3.78161E+3	6.62722E+2
6.33840E+0	2.16510E+4	1.47404E+0	5.59764E+0	9.80732E-1	3.78422E+3	6.63013E+2
6.32970E+0	2.16510E+4	1.47276E+0	5.59803E+0	9.80690E-1	3.78779E+3	6.63563E+2
6.32140E+0	2.16500E+4	1.47053E+0	5.59845E+0	9.80597E-1	3.79380E+3	6.64504E+2
6.31300E+0	2.16510E+4	1.46654E+0	5.59876E+0	9.80493E-1	3.80434E+3	6.66242E+2
6.30460E+0	2.16460E+4	1.46584E+0	5.59937E+0	9.80367E-1	3.80657E+3	6.66473E+2
6.29600E+0	2.16480E+4	1.46219E+0	5.59931E+0	9.80272E-1	3.81603E+3	6.68074E+2
6.28770E+0	2.16470E+4	1.46061E+0	5.60000E+0	9.80241E-1	3.82063E+3	6.68774E+2
6.27900E+0	2.16500E+4	1.46351E+0	5.60050E+0	9.80118E-1	3.81340E+3	6.67366E+2
6.27060E+0	2.16450E+4	1.45761E+0	5.60071E+0	9.80049E-1	3.82897E+3	6.70018E+2
6.26220E+0	2.16480E+4	1.45523E+0	5.60113E+0	9.79956E-1	3.83554E+3	6.71054E+2
6.25400E+0	2.16460E+4	1.45548E+0	5.60156E+0	9.79842E-1	3.83516E+3	6.70857E+2
6.24520E+0	2.16460E+4	1.45181E+0	5.60195E+0	9.79759E-1	3.84514E+3	6.72499E+2
6.23700E+0	2.16470E+4	1.44981E+0	5.60247E+0	9.79670E-1	3.85080E+3	6.73367E+2
6.22860E+0	2.16440E+4	1.44874E+0	5.60280E+0	9.79590E-1	3.85385E+3	6.73806E+2
6.22030E+0	2.16410E+4	1.44740E+0	5.60309E+0	9.79465E-1	3.85762E+3	6.74344E+2
6.21160E+0	2.16450E+4	1.44682E+0	5.60354E+0	9.79397E-1	3.85949E+3	6.74569E+2
6.20330E+0	2.16440E+4	1.44389E+0	5.60384E+0	9.79265E-1	3.86754E+3	6.75848E+2
6.19470E+0	2.16430E+4	1.44203E+0	5.60438E+0	9.79198E-1	3.87289E+3	6.76672E+2
6.18630E+0	2.16410E+4	1.44089E+0	5.60465E+0	9.79086E-1	3.87613E+3	6.77128E+2
6.17800E+0	2.16390E+4	1.43873E+0	5.60483E+0	9.78939E-1	3.88209E+3	6.78046E+2
6.16970E+0	2.16400E+4	1.43726E+0	5.60526E+0	9.78891E-1	3.88636E+3	6.78706E+2
6.16100E+0	2.16420E+4	1.43494E+0	5.60568E+0	9.78768E-1	3.89293E+3	6.79717E+2
6.15260E+0	2.16400E+4	1.43333E+0	5.60604E+0	9.78684E-1	3.89756E+3	6.80424E+2
6.14430E+0	2.16410E+4	1.43109E+0	5.60627E+0	9.78531E-1	3.90380E+3	6.81379E+2
6.13560E+0	2.16390E+4	1.42898E+0	5.60691E+0	9.78480E-1	3.91003E+3	6.82353E+2
6.12730E+0	2.16400E+4	1.42706E+0	5.60723E+0	9.78388E-1	3.91551E+3	6.83205E+2
6.11900E+0	2.16380E+4	1.42527E+0	5.60740E+0	9.78289E-1	3.92053E+3	6.83991E+2
6.11060E+0	2.16350E+4	1.42377E+0	5.60793E+0	9.78170E-1	3.92504E+3	6.84629E+2
6.10190E+0	2.16380E+4	1.42065E+0	5.60824E+0	9.78108E-1	3.93388E+3	6.86090E+2
6.09370E+0	2.16390E+4	1.41976E+0	5.60872E+0	9.77972E-1	3.93669E+3	6.86426E+2
6.08540E+0	2.16370E+4	1.41829E+0	5.60902E+0	9.77870E-1	3.94098E+3	6.87066E+2
6.07670E+0	2.16330E+4	1.41653E+0	5.60913E+0	9.77767E-1	3.94596E+3	6.87847E+2
6.06830E+0	2.16360E+4	1.41473E+0	5.60982E+0	9.77677E-1	3.95147E+3	6.88660E+2
6.06000E+0	2.16310E+4	1.41272E+0	5.60998E+0	9.77619E-1	3.95719E+3	6.89596E+2
6.05130E+0	2.16380E+4	1.41100E+0	5.61043E+0	9.77512E-1	3.96233E+3	6.90363E+2
6.04300E+0	2.16340E+4	1.40905E+0	5.61079E+0	9.77405E-1	3.96808E+3	6.91243E+2
6.03470E+0	2.16330E+4	1.40697E+0	5.61099E+0	9.77300E-1	3.97406E+3	6.92187E+2
6.02640E+0	2.16310E+4	1.40544E+0	5.61167E+0	9.77267E-1	3.97888E+3	6.92919E+2
6.01760E+0	2.16320E+4	1.40340E+0	5.61196E+0	9.77121E-1	3.98488E+3	6.93824E+2
6.00940E+0	2.16340E+4	1.40236E+0	5.61252E+0	9.77085E-1	3.98821E+3	6.94310E+2
6.00100E+0	2.16290E+4	1.39949E+0	5.61272E+0	9.76972E-1	3.99654E+3	6.95655E+2
5.99280E+0	2.16300E+4	1.39776E+0	5.61289E+0	9.76817E-1	4.00161E+3	6.96405E+2
5.98390E+0	2.16330E+4	1.39535E+0	5.61343E+0	9.76745E-1	4.00890E+3	6.97555E+2
5.97550E+0	2.16300E+4	1.39322E+0	5.61360E+0	9.76611E-1	4.01516E+3	6.98527E+2
5.96720E+0	2.16290E+4	1.39251E+0	5.61399E+0	9.76533E-1	4.01748E+3	6.98826E+2
5.95860E+0	2.16250E+4	1.39134E+0	5.61471E+0	9.76474E-1	4.02138E+3	6.99373E+2
5.95030E+0	2.16280E+4	1.38791E+0	5.61471E+0	9.76316E-1	4.03134E+3	7.00990E+2
5.94190E+0	2.16260E+4	1.38731E+0	5.61529E+0	9.76187E-1	4.03348E+3	7.01198E+2
5.93360E+0	2.16290E+4	1.38585E+0	5.61568E+0	9.76134E-1	4.03802E+3	7.01901E+2
5.92480E+0	2.16270E+4	1.38322E+0	5.61595E+0	9.75995E-1	4.04590E+3	7.03136E+2
5.91670E+0	2.16290E+4	1.38093E+0	5.61648E+0	9.75949E-1	4.05299E+3	7.04269E+2
5.90830E+0	2.16280E+4	1.38003E+0	5.61666E+0	9.75780E-1	4.05574E+3	7.04602E+2
5.89950E+0	2.16260E+4	1.37761E+0	5.61712E+0	9.75750E-1	4.06321E+3	7.05820E+2
5.89120E+0	2.16240E+4	1.37701E+0	5.61753E+0	9.75658E-1	4.06527E+3	7.06059E+2
5.88290E+0	2.16240E+4	1.37429E+0	5.61787E+0	9.75560E-1	4.07358E+3	7.07388E+2
5.87460E+0	2.16230E+4	1.37189E+0	5.61828E+0	9.75498E-1	4.08099E+3	7.08580E+2
5.86590E+0	2.16260E+4	1.37104E+0	5.61869E+0	9.75366E-1	4.08382E+3	7.08922E+2
5.85760E+0	2.16250E+4	1.36937E+0	5.61879E+0	9.75225E-1	4.08888E+3	7.09686E+2
5.84930E+0	2.16240E+4	1.36669E+0	5.61934E+0	9.75178E-1	4.09728E+3	7.11041E+2
5.84100E+0	2.16230E+4	1.36420E+0	5.61960E+0	9.75039E-1	4.10495E+3	7.12237E+2
5.83220E+0	2.16210E+4	1.36368E+0	5.62003E+0	9.75007E-1	4.10683E+3	7.12486E+2
5.82390E+0	2.16200E+4	1.36129E+0	5.62060E+0	9.74893E-1	4.11448E+3	7.13657E+2
5.81570E+0	2.16210E+4	1.35975E+0	5.62087E+0	9.74779E-1	4.11933E+3	7.14379E+2
5.80690E+0	2.16210E+4	1.35704E+0	5.62118E+0	9.74665E-1	4.12777E+3	7.15721E+2
5.79870E+0	2.16210E+4	1.35544E+0	5.62138E+0	9.74578E-1	4.13281E+3	7.16504E+2
5.79030E+0	2.16200E+4	1.35264E+0	5.62206E+0	9.74491E-1	4.14184E+3	7.17921E+2
5.78160E+0	2.16170E+4	1.35209E+0	5.62238E+0	9.74419E-1	4.14377E+3	7.18160E+2
5.77340E+0	2.16210E+4	1.35079E+0	5.62255E+0	9.74310E-1	4.14789E+3	7.18773E+2
5.76470E+0	2.16190E+4	1.34889E+0	5.62328E+0	9.74265E-1	4.15426E+3	7.19748E+2
5.75620E+0	2.16190E+4	1.34677E+0	5.62352E+0	9.74153E-1	4.16100E+3	7.20803E+2
5.74800E+0	2.16180E+4	1.34478E+0	5.62381E+0	9.74020E-1	4.16736E+3	7.21769E+2
5.73920E+0	2.16170E+4	1.34305E+0	5.62426E+0	9.73935E-1	4.17308E+3	7.22639E+2
5.73090E+0	2.16170E+4	1.34153E+0	5.62451E+0	9.73789E-1	4.17799E+3	7.23349E+2
5.72270E+0	2.16170E+4	1.33940E+0	5.62488E+0	9.73690E-1	4.18489E+3	7.24420E+2
5.71430E+0	2.16200E+4	1.33661E+0	5.62521E+0	9.73592E-1	4.19387E+3	7.25859E+2
5.70570E+0	2.16170E+4	1.33566E+0	5.62563E+0	9.73505E-1	4.19717E+3	7.26313E+2
5.69740E+0	2.16150E+4	1.33306E+0	5.62605E+0	9.73430E-1	4.20567E+3	7.27673E+2
5.68910E+0	2.16160E+4	1.33170E+0	5.62663E+0	9.73393E-1	4.21039E+3	7.28388E+2
5.68030E+0	2.16130E+4	1.32984E+0	5.62686E+0	9.73260E-1	4.21645E+3	7.29306E+2
5.67190E+0	2.16140E+4	1.32799E+0	5.62725E+0	9.73141E-1	4.22263E+3	7.30235E+2
5.66380E+0	2.16120E+4	1.32592E+0	5.62757E+0	9.73043E-1	4.22948E+3	7.31303E+2
5.65540E+0	2.16140E+4	1.32462E+0	5.62801E+0	9.72940E-1	4.23394E+3	7.31941E+2
5.64660E+0	2.16130E+4	1.32284E+0	5.62831E+0	9.72854E-1	4.23988E+3	7.32864E+2
5.63820E+0	2.16140E+4	1.32163E+0	5.62862E+0	9.72726E-1	4.24397E+3	7.33434E+2
5.62990E+0	2.16120E+4	1.31968E+0	5.62912E+0	9.72720E-1	4.25063E+3	7.34515E+2
5.62120E+0	2.16160E+4	1.31688E+0	5.62933E+0	9.72563E-1	4.25984E+3	7.35960E+2
5.61290E+0	2.16130E+4	1.31556E+0	5.62990E+0	9.72512E-1	4.26452E+3	7.36655E+2
5.60460E+0	2.16130E+4	1.31352E+0	5.63019E+0	9.72371E-1	4.27138E+3	7.37697E+2
5.59580E+0	2.16090E+4	1.31118E+0	5.63032E+0	9.72221E-1	4.27909E+3	7.38896E+2
5.58770E+0	2.16130E+4	1.31024E+0	5.63107E+0	9.72214E-1	4.28274E+3	7.39422E+2
5.57880E+0	2.16090E+4	1.30847E+0	5.63122E+0	9.72109E-1	4.28865E+3	7.40343E+2
5.57050E+0	2.16090E+4	1.30590E+0	5.63155E+0	9.71959E-1	4.29735E+3	7.41687E+2
5.56220E+0	2.16110E+4	1.30433E+0	5.63213E+0	9.71960E-1	4.30297E+3	7.42582E+2
5.55390E+0	2.16090E+4	1.30326E+0	5.63228E+0	9.71782E-1	4.30662E+3	7.43054E+2
5.54530E+0	2.16110E+4	1.30164E+0	5.63282E+0	9.71752E-1	4.31236E+3	7.43952E+2
5.53700E+0	2.16080E+4	1.29939E+0	5.63300E+0	9.71578E-1	4.31998E+3	7.45109E+2
5.52860E+0	2.16090E+4	1.29752E+0	5.63361E+0	9.71549E-1	4.32669E+3	7.46164E+2
5.51990E+0	2.16080E+4	1.29628E+0	5.63389E+0	9.71386E-1	4.33103E+3	7.46748E+2
5.51160E+0	2.16070E+4	1.29388E+0	5.63429E+0	9.71326E-1	4.33938E+3	7.48090E+2
5.50330E+0	2.16070E+4	1.29197E+0	5.63458E+0	9.71232E-1	4.34602E+3	7.49123E+2
5.49450E+0	2.16060E+4	1.28960E+0	5.63483E+0	9.71074E-1	4.35418E+3	7.50374E+2
5.48630E+0	2.16060E+4	1.28758E+0	5.63526E+0	9.71004E-1	4.36135E+3	7.51498E+2
5.47790E+0	2.16060E+4	1.28546E+0	5.63569E+0	9.70926E-1	4.36889E+3	7.52680E+2
5.46930E+0	2.16060E+4	1.28319E+0	5.63610E+0	9.70830E-1	4.37693E+3	7.53934E+2
5.46090E+0	2.16070E+4	1.28239E+0	5.63653E+0	9.70696E-1	4.37997E+3	7.54298E+2
5.45260E+0	2.16080E+4	1.28069E+0	5.63683E+0	9.70628E-1	4.38604E+3	7.55250E+2
5.44390E+0	2.16030E+4	1.27825E+0	5.63729E+0	9.70589E-1	4.39476E+3	7.56658E+2
5.43560E+0	2.16050E+4	1.27649E+0	5.63767E+0	9.70481E-1	4.40114E+3	7.57622E+2
5.42730E+0	2.16060E+4	1.27453E+0	5.63788E+0	9.70310E-1	4.40805E+3	7.58649E+2
5.41890E+0	2.16040E+4	1.27300E+0	5.63848E+0	9.70290E-1	4.41384E+3	7.59549E+2
5.41030E+0	2.16010E+4	1.27159E+0	5.63875E+0	9.70151E-1	4.41892E+3	7.60278E+2
5.40200E+0	2.16060E+4	1.26865E+0	5.63870E+0	9.70035E-1	4.42915E+3	7.61952E+2
5.39360E+0	2.16040E+4	1.26768E+0	5.63943E+0	9.70010E-1	4.43311E+3	7.62517E+2
5.38490E+0	2.16040E+4	1.26561E+0	5.63973E+0	9.69859E-1	4.44058E+3	7.63642E+2
5.37670E+0	2.16050E+4	1.26388E+0	5.64012E+0	9.69759E-1	4.44696E+3	7.64607E+2
5.36830E+0	2.16010E+4	1.26325E+0	5.64049E+0	9.69680E-1	4.44949E+3	7.64929E+2
5.35960E+0	2.16020E+4	1.26067E+0	5.64086E+0	9.69601E-1	4.45887E+3	7.66430E+2
5.35130E+0	2.16020E+4	1.25873E+0	5.64119E+0	9.69519E-1	4.46599E+3	7.67545E+2
5.34300E+0	2.15990E+4	1.25641E+0	5.64141E+0	9.69380E-1	4.47442E+3	7.68852E+2
5.33430E+0	2.16010E+4	1.25470E+0	5.64190E+0	9.69309E-1	4.48093E+3	7.69849E+2
5.32590E+0	2.16000E+4	1.25268E+0	5.64233E+0	9.69196E-1	4.48849E+3	7.70998E+2
5.31760E+0	2.16000E+4	1.25148E+0	5.64261E+0	9.69104E-1	4.49302E+3	7.71664E+2
5.30890E+0	2.16010E+4	1.24980E+0	5.64303E+0	9.68991E-1	4.49940E+3	7.72613E+2
5.30070E+0	2.16020E+4	1.24765E+0	5.64337E+0	9.68940E-1	4.50742E+3	7.73902E+2
5.29220E+0	2.16000E+4	1.24654E+0	5.64382E+0	9.68832E-1	4.51180E+3	7.74506E+2
5.28380E+0	2.16000E+4	1.24386E+0	5.64413E+0	9.68752E-1	4.52176E+3	7.76110E+2
5.27510E+0	2.16010E+4	1.24199E+0	5.64434E+0	9.68653E-1	4.52874E+3	7.77200E+2
5.26670E+0	2.15990E+4	1.23965E+0	5.64483E+0	9.68552E-1	4.53766E+3	7.78582E+2
5.25850E+0	2.16010E+4	1.23801E+0	5.64523E+0	9.68464E-1	4.54403E+3	7.79547E+2
5.24980E+0	2.15980E+4	1.23637E+0	5.64564E+0	9.68364E-1	4.55037E+3	7.80498E+2
5.24150E+0	2.15980E+4	1.23487E+0	5.64613E+0	9.68268E-1	4.55628E+3	7.81366E+2
5.23310E+0	2.15980E+4	1.23202E+0	5.64646E+0	9.68171E-1	4.56708E+3	7.83095E+2
5.22450E+0	2.15980E+4	1.23017E+0	5.64652E+0	9.68066E-1	4.57401E+3	7.84189E+2
5.21610E+0	2.15950E+4	1.22954E+0	5.64704E+0	9.67978E-1	4.57676E+3	7.84518E+2
5.20790E+0	2.15980E+4	1.22762E+0	5.64725E+0	9.67840E-1	4.58412E+3	7.85638E+2
5.19960E+0	2.15980E+4	1.22498E+0	5.64781E+0	9.67749E-1	4.59444E+3	7.87255E+2
5.19080E+0	2.15950E+4	1.22399E+0	5.64833E+0	9.67712E-1	4.59857E+3	7.87860E+2
5.18250E+0	2.15930E+4	1.22141E+0	5.64864E+0	9.67612E-1	4.60854E+3	7.89443E+2
5.17420E+0	2.15970E+4	1.22013E+0	5.64896E+0	9.67488E-1	4.61366E+3	7.90173E+2
5.16550E+0	2.15960E+4	1.21797E+0	5.64937E+0	9.67362E-1	4.62217E+3	7.91472E+2
5.15710E+0	2.15950E+4	1.21622E+0	5.64978E+0	9.67271E-1	4.62916E+3	7.92536E+2
5.14850E+0	2.15950E+4	1.21519E+0	5.65008E+0	9.67205E-1	4.63333E+3	7.93154E+2
5.14020E+0	2.15950E+4	1.21248E+0	5.65049E+0	9.67128E-1	4.64401E+3	7.94860E+2
5.13190E+0	2.15890E+4	1.21075E+0	5.65108E+0	9.67074E-1	4.65113E+3	7.95952E+2
5.12310E+0	2.15940E+4	1.20875E+0	5.65115E+0	9.66977E-1	4.65890E+3	7.97192E+2
5.11490E+0	2.15950E+4	1.20693E+0	5.65158E+0	9.66876E-1	4.66625E+3	7.98306E+2
5.10650E+0	2.15910E+4	1.20461E+0	5.65193E+0	9.66798E-1	4.67554E+3	7.99781E+2
5.09780E+0	2.15920E+4	1.20355E+0	5.65226E+0	9.66676E-1	4.67994E+3	8.00385E+2
5.08950E+0	2.15900E+4	1.20208E+0	5.65292E+0	9.66624E-1	4.68622E+3	8.01322E+2
5.08120E+0	2.15920E+4	1.19970E+0	5.65294E+0	9.66451E-1	4.69551E+3	8.02765E+2
5.07250E+0	2.15900E+4	1.19806E+0	5.65334E+0	9.66344E-1	4.70228E+3	8.03776E+2
5.06420E+0	2.15900E+4	1.19575E+0	5.65392E+0	9.66351E-1	4.71186E+3	8.05336E+2
5.05590E+0	2.15900E+4	1.19407E+0	5.65403E+0	9.66121E-1	4.71855E+3	8.06274E+2
5.04720E+0	2.15920E+4	1.19233E+0	5.65467E+0	9.66097E-1	4.72601E+3	8.07435E+2
5.03880E+0	2.15900E+4	1.19053E+0	5.65495E+0	9.66016E-1	4.73335E+3	8.08583E+2
5.03010E+0	2.15920E+4	1.18839E+0	5.65507E+0	9.65855E-1	4.74199E+3	8.09905E+2
5.02180E+0	2.15910E+4	1.18684E+0	5.65552E+0	9.65808E-1	4.74858E+3	8.10927E+2
5.01350E+0	2.15900E+4	1.18576E+0	5.65604E+0	9.65710E-1	4.75332E+3	8.11581E+2
5.00480E+0	2.15900E+4	1.18266E+0	5.65625E+0	9.65570E-1	4.76596E+3	8.13590E+2
4.99820E+0	2.15910E+4	1.18167E+0	5.65648E+0	9.65499E-1	4.77014E+3	8.14211E+2
4.99620E+0	2.15890E+4	1.18083E+0	5.65668E+0	9.65482E-1	4.77372E+3	8.14779E+2
4.99650E+0	2.15910E+4	1.18081E+0	5.65647E+0	9.65471E-1	4.77362E+3	8.14782E+2
4.99770E+0	2.15890E+4	1.18096E+0	5.65629E+0	9.65429E-1	4.77285E+3	8.14641E+2
4.99950E+0	2.15910E+4	1.18195E+0	5.65657E+0	9.65461E-1	4.76910E+3	8.13989E+2
