						
0.00000E+0	1.28840E+4	-2.99530E-2	5.79746E+0	9.27445E-1	-1.92877E+5	-3.08553E+4
-2.90000E-3	1.31130E+4	-3.07402E-2	5.79755E+0	9.27559E-1	-1.87940E+5	-3.00689E+4
-9.40000E-3	1.33510E+4	-3.28113E-2	5.79706E+0	9.27628E-1	-1.76062E+5	-2.81729E+4
-1.62000E-2	1.35720E+4	-3.45497E-2	5.79688E+0	9.27709E-1	-1.67198E+5	-2.67578E+4
-2.43000E-2	1.38750E+4	-3.65345E-2	5.79658E+0	9.27727E-1	-1.58107E+5	-2.53045E+4
-3.24000E-2	1.38270E+4	-3.84837E-2	5.79637E+0	9.27762E-1	-1.50093E+5	-2.40238E+4
-4.06000E-2	1.42660E+4	-4.07148E-2	5.79625E+0	9.27748E-1	-1.41866E+5	-2.27070E+4
-4.87000E-2	1.46270E+4	-4.34079E-2	5.79617E+0	9.27827E-1	-1.33062E+5	-2.13000E+4
-5.74000E-2	1.49030E+4	-4.55074E-2	5.79613E+0	9.27867E-1	-1.26922E+5	-2.03182E+4
-6.56000E-2	1.49920E+4	-4.75363E-2	5.79615E+0	9.27894E-1	-1.21505E+5	-1.94516E+4
-7.39000E-2	1.52500E+4	-5.01819E-2	5.79605E+0	9.27963E-1	-1.15098E+5	-1.84274E+4
-8.22000E-2	1.59490E+4	-5.31893E-2	5.79590E+0	9.27933E-1	-1.08587E+5	-1.73850E+4
-9.11000E-2	1.60910E+4	-5.46923E-2	5.79604E+0	9.27952E-1	-1.05606E+5	-1.69076E+4
-9.93000E-2	1.58540E+4	-5.76747E-2	5.79596E+0	9.27959E-1	-1.00143E+5	-1.60334E+4
-1.07500E-1	1.65880E+4	-5.93855E-2	5.79573E+0	9.27946E-1	-9.72545E+4	-1.55713E+4
-1.15900E-1	1.68050E+4	-6.18205E-2	5.79598E+0	9.28055E-1	-9.34279E+4	-1.49597E+4
-1.24600E-1	1.69930E+4	-6.38276E-2	5.79567E+0	9.28006E-1	-9.04850E+4	-1.44885E+4
-1.32900E-1	1.74150E+4	-6.64747E-2	5.79549E+0	9.28006E-1	-8.68792E+4	-1.39116E+4
-1.41200E-1	1.74910E+4	-6.79981E-2	5.79580E+0	9.28037E-1	-8.49372E+4	-1.36003E+4
-1.49900E-1	1.78720E+4	-7.00567E-2	5.79522E+0	9.27993E-1	-8.24331E+4	-1.32001E+4
-1.58100E-1	1.76840E+4	-7.29736E-2	5.79563E+0	9.28042E-1	-7.91437E+4	-1.26731E+4
-1.66400E-1	1.81380E+4	-7.55404E-2	5.79541E+0	9.28065E-1	-7.64516E+4	-1.22428E+4
-1.74700E-1	1.83400E+4	-7.79391E-2	5.79565E+0	9.28099E-1	-7.41017E+4	-1.18664E+4
-1.83500E-1	1.83840E+4	-7.96510E-2	5.79534E+0	9.28087E-1	-7.25051E+4	-1.16113E+4
-1.91800E-1	1.87270E+4	-8.19516E-2	5.79541E+0	9.28106E-1	-7.04707E+4	-1.12855E+4
-2.00000E-1	1.87040E+4	-8.42299E-2	5.79554E+0	9.28255E-1	-6.85661E+4	-1.09820E+4
-2.08700E-1	1.88250E+4	-8.67766E-2	5.79541E+0	9.28206E-1	-6.65523E+4	-1.06592E+4
-2.17000E-1	1.88370E+4	-8.89804E-2	5.79489E+0	9.28104E-1	-6.48981E+4	-1.03940E+4
-2.25400E-1	1.88390E+4	-9.06451E-2	5.79497E+0	9.28142E-1	-6.37072E+4	-1.02036E+4
-2.33600E-1	1.89060E+4	-9.37679E-2	5.79493E+0	9.28191E-1	-6.15851E+4	-9.86426E+3
-2.42400E-1	1.88830E+4	-9.55206E-2	5.79494E+0	9.28165E-1	-6.04552E+4	-9.68300E+3
-2.50500E-1	1.89270E+4	-9.71351E-2	5.79490E+0	9.28162E-1	-5.94499E+4	-9.52202E+3
-2.58800E-1	1.89180E+4	-9.94193E-2	5.79467E+0	9.28195E-1	-5.80817E+4	-9.30358E+3
-2.67300E-1	1.89560E+4	-1.02044E-1	5.79492E+0	9.28230E-1	-5.65906E+4	-9.06467E+3
-2.75900E-1	1.90030E+4	-1.04846E-1	5.79472E+0	9.28223E-1	-5.50758E+4	-8.82229E+3
-2.84100E-1	1.90140E+4	-1.06873E-1	5.79456E+0	9.28191E-1	-5.40300E+4	-8.65469E+3
-2.92600E-1	1.90500E+4	-1.09114E-1	5.79471E+0	9.28241E-1	-5.29218E+4	-8.47742E+3
-3.01100E-1	1.90990E+4	-1.11033E-1	5.79457E+0	9.28244E-1	-5.20059E+4	-8.33093E+3
-3.09500E-1	1.91130E+4	-1.13409E-1	5.79462E+0	9.28307E-1	-5.09167E+4	-8.15693E+3
-3.17800E-1	1.91470E+4	-1.15700E-1	5.79452E+0	9.28336E-1	-4.99075E+4	-7.99564E+3
-3.26600E-1	1.91610E+4	-1.17598E-1	5.79442E+0	9.28357E-1	-4.91013E+4	-7.86681E+3
-3.34900E-1	1.92030E+4	-1.20204E-1	5.79440E+0	9.28352E-1	-4.80364E+4	-7.69617E+3
-3.43100E-1	1.92250E+4	-1.22648E-1	5.79439E+0	9.28341E-1	-4.70793E+4	-7.54275E+3
-3.51600E-1	1.92550E+4	-1.24831E-1	5.79408E+0	9.28239E-1	-4.62533E+4	-7.41000E+3
-3.60200E-1	1.92490E+4	-1.26842E-1	5.79403E+0	9.28337E-1	-4.55195E+4	-7.29328E+3
-3.68600E-1	1.92720E+4	-1.28932E-1	5.79386E+0	9.28352E-1	-4.47807E+4	-7.17521E+3
-3.76900E-1	1.92830E+4	-1.31529E-1	5.79379E+0	9.28363E-1	-4.38958E+4	-7.03360E+3
-3.85100E-1	1.92960E+4	-1.33454E-1	5.79354E+0	9.28357E-1	-4.32607E+4	-6.93209E+3
-3.93800E-1	1.93000E+4	-1.36334E-1	5.79379E+0	9.28411E-1	-4.23486E+4	-6.78604E+3
-4.02300E-1	1.93290E+4	-1.37993E-1	5.79388E+0	9.28405E-1	-4.18403E+4	-6.70445E+3
-4.10500E-1	1.93290E+4	-1.39687E-1	5.79336E+0	9.28401E-1	-4.13292E+4	-6.62311E+3
-4.18600E-1	1.93150E+4	-1.42607E-1	5.79405E+0	9.28513E-1	-4.04876E+4	-6.48826E+3
-4.27400E-1	1.93470E+4	-1.44922E-1	5.79365E+0	9.28469E-1	-3.98381E+4	-6.38430E+3
-4.35800E-1	1.93410E+4	-1.46760E-1	5.79345E+0	9.28371E-1	-3.93380E+4	-6.30370E+3
-4.44400E-1	1.93550E+4	-1.49265E-1	5.79364E+0	9.28539E-1	-3.86790E+4	-6.19903E+3
-4.52800E-1	1.93570E+4	-1.51357E-1	5.79334E+0	9.28567E-1	-3.81425E+4	-6.11355E+3
-4.61000E-1	1.93670E+4	-1.53793E-1	5.79337E+0	9.28532E-1	-3.75384E+4	-6.01646E+3
-4.69300E-1	1.93680E+4	-1.56151E-1	5.79324E+0	9.28596E-1	-3.69709E+4	-5.92604E+3
-4.78100E-1	1.93780E+4	-1.59038E-1	5.79308E+0	9.28575E-1	-3.62985E+4	-5.81830E+3
-4.86400E-1	1.93770E+4	-1.60232E-1	5.79297E+0	9.28626E-1	-3.60276E+4	-5.77530E+3
-4.94700E-1	1.93830E+4	-1.63210E-1	5.79271E+0	9.28647E-1	-3.53685E+4	-5.67003E+3
-5.03100E-1	1.93940E+4	-1.64725E-1	5.79280E+0	9.28675E-1	-3.50437E+4	-5.61805E+3
-5.11500E-1	1.93930E+4	-1.67339E-1	5.79274E+0	9.28704E-1	-3.44960E+4	-5.53046E+3
-5.20000E-1	1.93960E+4	-1.70018E-1	5.79280E+0	9.28776E-1	-3.39527E+4	-5.44373E+3
-5.28700E-1	1.93960E+4	-1.71891E-1	5.79263E+0	9.28728E-1	-3.35818E+4	-5.38414E+3
-5.37200E-1	1.94050E+4	-1.73896E-1	5.79237E+0	9.28707E-1	-3.31932E+4	-5.32195E+3
-5.45300E-1	1.94110E+4	-1.76908E-1	5.79244E+0	9.28833E-1	-3.26284E+4	-5.23206E+3
-5.53600E-1	1.94190E+4	-1.78628E-1	5.79239E+0	9.28815E-1	-3.23139E+4	-5.18156E+3
-5.62400E-1	1.94190E+4	-1.81052E-1	5.79217E+0	9.28834E-1	-3.18801E+4	-5.11230E+3
-5.70700E-1	1.94250E+4	-1.83229E-1	5.79226E+0	9.28862E-1	-3.15019E+4	-5.05172E+3
-5.79000E-1	1.94320E+4	-1.85427E-1	5.79175E+0	9.28754E-1	-3.11256E+4	-4.99125E+3
-5.87700E-1	1.94350E+4	-1.87918E-1	5.79167E+0	9.28778E-1	-3.07126E+4	-4.92521E+3
-5.96200E-1	1.94380E+4	-1.89755E-1	5.79169E+0	9.28817E-1	-3.04154E+4	-4.87775E+3
-6.04100E-1	1.94430E+4	-1.91896E-1	5.79168E+0	9.28891E-1	-3.00760E+4	-4.82370E+3
-6.12600E-1	1.94410E+4	-1.93915E-1	5.79138E+0	9.28862E-1	-2.97614E+4	-4.77333E+3
-6.21500E-1	1.94470E+4	-1.96525E-1	5.79153E+0	9.28927E-1	-2.93668E+4	-4.71026E+3
-6.29900E-1	1.94580E+4	-1.98569E-1	5.79115E+0	9.28896E-1	-2.90626E+4	-4.66163E+3
-6.38000E-1	1.94550E+4	-2.00459E-1	5.79100E+0	9.28870E-1	-2.87879E+4	-4.61755E+3
-6.46800E-1	1.94610E+4	-2.02927E-1	5.79144E+0	9.29009E-1	-2.84399E+4	-4.56207E+3
-6.55100E-1	1.94600E+4	-2.05057E-1	5.79116E+0	9.28997E-1	-2.81431E+4	-4.51461E+3
-6.63400E-1	1.94610E+4	-2.07623E-1	5.79098E+0	9.28995E-1	-2.77944E+4	-4.45881E+3
-6.71900E-1	1.94710E+4	-2.09769E-1	5.79099E+0	9.29064E-1	-2.75101E+4	-4.41352E+3
-6.80500E-1	1.94730E+4	-2.12613E-1	5.79072E+0	9.29036E-1	-2.71409E+4	-4.35435E+3
-6.89000E-1	1.94750E+4	-2.15056E-1	5.79055E+0	9.29058E-1	-2.68318E+4	-4.30500E+3
-6.97500E-1	1.94830E+4	-2.17293E-1	5.79058E+0	9.29136E-1	-2.65557E+4	-4.26103E+3
-7.05400E-1	1.94800E+4	-2.19258E-1	5.79059E+0	9.29205E-1	-2.63178E+4	-4.22316E+3
-7.14200E-1	1.94870E+4	-2.21844E-1	5.79043E+0	9.29264E-1	-2.60103E+4	-4.17419E+3
-7.22700E-1	1.94890E+4	-2.24439E-1	5.79023E+0	9.29195E-1	-2.57087E+4	-4.12563E+3
-7.31500E-1	1.94950E+4	-2.25739E-1	5.79022E+0	9.29284E-1	-2.55605E+4	-4.10226E+3
-7.39800E-1	1.95020E+4	-2.28680E-1	5.78989E+0	9.29307E-1	-2.52304E+4	-4.04960E+3
-7.47600E-1	1.94990E+4	-2.29603E-1	5.78986E+0	9.29273E-1	-2.51289E+4	-4.03318E+3
-7.56100E-1	1.95030E+4	-2.31548E-1	5.78962E+0	9.29242E-1	-2.49167E+4	-3.99916E+3
-7.65000E-1	1.95020E+4	-2.34357E-1	5.78972E+0	9.29354E-1	-2.46185E+4	-3.95171E+3
-7.73300E-1	1.95050E+4	-2.34353E-1	5.78943E+0	9.29364E-1	-2.46176E+4	-3.95181E+3
-7.81900E-1	1.95150E+4	-2.39969E-1	5.78965E+0	9.29465E-1	-2.40424E+4	-3.85975E+3
-7.90400E-1	1.95130E+4	-2.40108E-1	5.78928E+0	9.29380E-1	-2.40270E+4	-3.85716E+3
-7.98700E-1	1.95160E+4	-2.43862E-1	5.78907E+0	9.29387E-1	-2.36563E+4	-3.79782E+3
-8.06100E-1	1.95200E+4	-2.45698E-1	5.78913E+0	9.29528E-1	-2.34798E+4	-3.77001E+3
-8.15400E-1	1.95190E+4	-2.47874E-1	5.78910E+0	9.29535E-1	-2.32734E+4	-3.73694E+3
-8.24300E-1	1.95230E+4	-2.50435E-1	5.78895E+0	9.29573E-1	-2.30349E+4	-3.69887E+3
-8.32400E-1	1.95290E+4	-2.52364E-1	5.78905E+0	9.29622E-1	-2.28592E+4	-3.67080E+3
-8.40600E-1	1.95310E+4	-2.55241E-1	5.78878E+0	9.29639E-1	-2.26005E+4	-3.62948E+3
-8.48800E-1	1.95370E+4	-2.57037E-1	5.78851E+0	9.29693E-1	-2.24415E+4	-3.60433E+3
-8.57600E-1	1.95380E+4	-2.59226E-1	5.78850E+0	9.29688E-1	-2.22520E+4	-3.57388E+3
-8.66100E-1	1.95400E+4	-2.61132E-1	5.78825E+0	9.29745E-1	-2.20887E+4	-3.54802E+3
-8.74900E-1	1.95450E+4	-2.63970E-1	5.78833E+0	9.29790E-1	-2.18515E+4	-3.51004E+3
-8.83300E-1	1.95470E+4	-2.65160E-1	5.78821E+0	9.29836E-1	-2.17530E+4	-3.49446E+3
-8.91600E-1	1.95500E+4	-2.68418E-1	5.78778E+0	9.29826E-1	-2.14873E+4	-3.45200E+3
-8.99700E-1	1.95510E+4	-2.70202E-1	5.78781E+0	9.29873E-1	-2.13456E+4	-3.42939E+3
-9.07600E-1	1.95530E+4	-2.72323E-1	5.78763E+0	9.29877E-1	-2.11787E+4	-3.40270E+3
-9.16300E-1	1.95560E+4	-2.74842E-1	5.78755E+0	9.29976E-1	-2.09842E+4	-3.37186E+3
-9.25000E-1	1.95590E+4	-2.76657E-1	5.78756E+0	9.30004E-1	-2.08466E+4	-3.34984E+3
-9.34000E-1	1.95600E+4	-2.79248E-1	5.78712E+0	9.29976E-1	-2.06516E+4	-3.31867E+3
-9.42200E-1	1.95630E+4	-2.81453E-1	5.78740E+0	9.30047E-1	-2.04909E+4	-3.29292E+3
-9.50400E-1	1.95650E+4	-2.83897E-1	5.78703E+0	9.30037E-1	-2.03131E+4	-3.26454E+3
-9.58600E-1	1.95730E+4	-2.85437E-1	5.78685E+0	9.30072E-1	-2.02029E+4	-3.24704E+3
-9.67500E-1	1.95750E+4	-2.87615E-1	5.78692E+0	9.30208E-1	-2.00501E+4	-3.22292E+3
-9.75900E-1	1.95790E+4	-2.91066E-1	5.78632E+0	9.30100E-1	-1.98104E+4	-3.18434E+3
-9.84300E-1	1.95840E+4	-2.92576E-1	5.78644E+0	9.30185E-1	-1.97085E+4	-3.16820E+3
-9.93100E-1	1.95840E+4	-2.94247E-1	5.78627E+0	9.30230E-1	-1.95960E+4	-3.15036E+3
-1.00070E+0	1.95890E+4	-2.96043E-1	5.78628E+0	9.30256E-1	-1.94772E+4	-3.13134E+3
