						
0.00000E+0	1.46800E+4	9.99760E-3	5.80243E+0	9.29235E-1	5.78356E+5	9.26214E+4
-2.80000E-3	1.46820E+4	9.91507E-3	5.80267E+0	9.29163E-1	5.83195E+5	9.33851E+4
-9.50000E-3	1.46800E+4	9.90089E-3	5.80310E+0	9.29056E-1	5.84074E+5	9.35081E+4
-1.71000E-2	1.46780E+4	9.76511E-3	5.80332E+0	9.29015E-1	5.92217E+5	9.48041E+4
-2.51000E-2	1.46820E+4	9.64358E-3	5.80265E+0	9.29213E-1	5.99611E+5	9.60193E+4
-3.34000E-2	1.46790E+4	9.57058E-3	5.80206E+0	9.29237E-1	6.04123E+5	9.67542E+4
-4.21000E-2	1.46780E+4	9.38850E-3	5.80185E+0	9.29319E-1	6.15818E+5	9.86394E+4
-5.04000E-2	1.46800E+4	9.31586E-3	5.80185E+0	9.29374E-1	6.20619E+5	9.94144E+4
-5.87000E-2	1.46780E+4	9.15889E-3	5.80145E+0	9.29418E-1	6.31213E+5	1.01123E+5
-6.69000E-2	1.46800E+4	9.06477E-3	5.80141E+0	9.29458E-1	6.37762E+5	1.02177E+5
-7.56000E-2	1.46800E+4	8.97112E-3	5.80125E+0	9.29501E-1	6.44402E+5	1.03249E+5
-8.39000E-2	1.46770E+4	8.86767E-3	5.80111E+0	9.29516E-1	6.51904E+5	1.04455E+5
-9.22000E-2	1.46780E+4	8.71759E-3	5.80109E+0	9.29474E-1	6.63125E+5	1.06248E+5
-1.01000E-1	1.46760E+4	8.60298E-3	5.80084E+0	9.29483E-1	6.71930E+5	1.07665E+5
-1.09200E-1	1.46780E+4	8.51753E-3	5.80082E+0	9.29543E-1	6.78669E+5	1.08752E+5
-1.17500E-1	1.46780E+4	8.36976E-3	5.80066E+0	9.29569E-1	6.90631E+5	1.10675E+5
-1.25800E-1	1.46760E+4	8.25584E-3	5.80071E+0	9.29582E-1	7.00167E+5	1.12204E+5
-1.34600E-1	1.46770E+4	8.14757E-3	5.80073E+0	9.29599E-1	7.09473E+5	1.13697E+5
-1.42900E-1	1.46770E+4	8.02555E-3	5.80045E+0	9.29512E-1	7.20225E+5	1.15415E+5
-1.51100E-1	1.46760E+4	7.88106E-3	5.80067E+0	9.29585E-1	7.33458E+5	1.17540E+5
-1.59800E-1	1.46740E+4	7.79229E-3	5.80051E+0	9.29552E-1	7.41792E+5	1.18875E+5
-1.68000E-1	1.46750E+4	7.67081E-3	5.80049E+0	9.29624E-1	7.53538E+5	1.20767E+5
-1.76400E-1	1.46750E+4	7.57590E-3	5.80031E+0	9.29623E-1	7.62954E+5	1.22280E+5
-1.85100E-1	1.46740E+4	7.46364E-3	5.80048E+0	9.29634E-1	7.74452E+5	1.24120E+5
-1.93400E-1	1.46740E+4	7.35642E-3	5.80035E+0	9.29649E-1	7.85723E+5	1.25931E+5
-2.01600E-1	1.46740E+4	7.21684E-3	5.80050E+0	9.29673E-1	8.00941E+5	1.28370E+5
-2.10400E-1	1.46730E+4	7.07385E-3	5.80019E+0	9.29725E-1	8.17086E+5	1.30973E+5
-2.18600E-1	1.46730E+4	6.93634E-3	5.80013E+0	9.29671E-1	8.33276E+5	1.33561E+5
-2.26900E-1	1.46720E+4	6.82278E-3	5.80022E+0	9.29705E-1	8.47158E+5	1.35789E+5
-2.35700E-1	1.46730E+4	6.73407E-3	5.80002E+0	9.29725E-1	8.58289E+5	1.37581E+5
-2.43900E-1	1.46720E+4	6.61618E-3	5.80008E+0	9.29751E-1	8.73591E+5	1.40036E+5
-2.52300E-1	1.46690E+4	6.42957E-3	5.80012E+0	9.29730E-1	8.98952E+5	1.44098E+5
-2.60400E-1	1.46710E+4	6.33049E-3	5.79995E+0	9.29783E-1	9.12995E+5	1.46361E+5
-2.69200E-1	1.46690E+4	6.20224E-3	5.79993E+0	9.29842E-1	9.31872E+5	1.49397E+5
-2.77500E-1	1.46690E+4	6.15871E-3	5.79971E+0	9.29753E-1	9.38421E+5	1.50439E+5
-2.86200E-1	1.46670E+4	6.01083E-3	5.79959E+0	9.29763E-1	9.61490E+5	1.54141E+5
-2.94500E-1	1.46710E+4	5.88088E-3	5.79940E+0	9.29779E-1	9.82702E+5	1.57550E+5
-3.02800E-1	1.46670E+4	5.78912E-3	5.79941E+0	9.29801E-1	9.98281E+5	1.60051E+5
-3.11500E-1	1.46700E+4	5.67865E-3	5.79947E+0	9.29805E-1	1.01771E+6	1.63165E+5
-3.19800E-1	1.46670E+4	5.57815E-3	5.79932E+0	9.29862E-1	1.03602E+6	1.66115E+5
-3.28100E-1	1.46680E+4	5.42294E-3	5.79926E+0	9.29893E-1	1.06566E+6	1.70876E+5
-3.36500E-1	1.46650E+4	5.31710E-3	5.79886E+0	9.29762E-1	1.08680E+6	1.74252E+5
-3.45200E-1	1.46650E+4	5.21630E-3	5.79904E+0	9.29839E-1	1.10784E+6	1.77634E+5
-3.53500E-1	1.46640E+4	5.10328E-3	5.79898E+0	9.29849E-1	1.13236E+6	1.81570E+5
-3.61800E-1	1.46670E+4	4.99805E-3	5.79895E+0	9.29871E-1	1.15619E+6	1.85397E+5
-3.70600E-1	1.46630E+4	4.87951E-3	5.79865E+0	9.29849E-1	1.18422E+6	1.89897E+5
-3.78700E-1	1.46660E+4	4.77184E-3	5.79865E+0	9.29886E-1	1.21094E+6	1.94189E+5
-3.87000E-1	1.46640E+4	4.65527E-3	5.79840E+0	9.29875E-1	1.24121E+6	1.99050E+5
-3.95800E-1	1.46630E+4	4.54547E-3	5.79835E+0	9.29893E-1	1.27118E+6	2.03862E+5
-4.04100E-1	1.46620E+4	4.41628E-3	5.79841E+0	9.29910E-1	1.30838E+6	2.09829E+5
-4.12400E-1	1.46620E+4	4.29414E-3	5.79820E+0	9.29945E-1	1.34555E+6	2.15806E+5
-4.21000E-1	1.46610E+4	4.21313E-3	5.79827E+0	9.29993E-1	1.37143E+6	2.19966E+5
-4.29400E-1	1.46610E+4	4.06287E-3	5.79790E+0	9.29981E-1	1.42206E+6	2.28099E+5
-4.37600E-1	1.46640E+4	3.95483E-3	5.79813E+0	9.29986E-1	1.46097E+6	2.34331E+5
-4.46400E-1	1.46600E+4	3.83809E-3	5.79780E+0	9.29970E-1	1.50533E+6	2.41455E+5
-4.54700E-1	1.46630E+4	3.74306E-3	5.79785E+0	9.30010E-1	1.54355E+6	2.47595E+5
-4.63000E-1	1.46600E+4	3.62818E-3	5.79797E+0	9.30131E-1	1.59246E+6	2.55468E+5
-4.71300E-1	1.46580E+4	3.47260E-3	5.79760E+0	9.30065E-1	1.66370E+6	2.66895E+5
-4.80000E-1	1.46610E+4	3.38226E-3	5.79785E+0	9.30067E-1	1.70821E+6	2.74024E+5
-4.88300E-1	1.46580E+4	3.26853E-3	5.79747E+0	9.30083E-1	1.76753E+6	2.83564E+5
-4.96600E-1	1.46590E+4	3.12858E-3	5.79753E+0	9.30156E-1	1.84662E+6	2.96271E+5
-5.05300E-1	1.46580E+4	2.98993E-3	5.79729E+0	9.30146E-1	1.93217E+6	3.10007E+5
-5.13600E-1	1.46570E+4	2.92251E-3	5.79733E+0	9.30154E-1	1.97676E+6	3.17162E+5
-5.22200E-1	1.46570E+4	2.80138E-3	5.79721E+0	9.30183E-1	2.06219E+6	3.30886E+5
-5.30500E-1	1.46560E+4	2.67817E-3	5.79711E+0	9.30257E-1	2.15702E+6	3.46135E+5
-5.39200E-1	1.46570E+4	2.55984E-3	5.79697E+0	9.30213E-1	2.25668E+6	3.62119E+5
-5.47600E-1	1.46550E+4	2.42427E-3	5.79687E+0	9.30247E-1	2.38284E+6	3.82384E+5
-5.55900E-1	1.46560E+4	2.27777E-3	5.79672E+0	9.30280E-1	2.53603E+6	4.06992E+5
-5.64000E-1	1.46550E+4	2.17898E-3	5.79652E+0	9.30275E-1	2.65092E+6	4.25442E+5
-5.72800E-1	1.46570E+4	2.04279E-3	5.79645E+0	9.30294E-1	2.82761E+6	4.53814E+5
-5.81100E-1	1.46530E+4	1.93009E-3	5.79637E+0	9.30281E-1	2.99269E+6	4.80307E+5
-5.89400E-1	1.46530E+4	1.88094E-3	5.79647E+0	9.30350E-1	3.07094E+6	4.92895E+5
-5.98000E-1	1.46540E+4	1.73153E-3	5.79630E+0	9.30400E-1	3.33582E+6	5.35454E+5
-6.06400E-1	1.46520E+4	1.61137E-3	5.79621E+0	9.30414E-1	3.58450E+6	5.75389E+5
-6.14700E-1	1.46530E+4	1.47864E-3	5.79604E+0	9.30419E-1	3.90617E+6	6.27044E+5
-6.23400E-1	1.46530E+4	1.37334E-3	5.79579E+0	9.30329E-1	4.20549E+6	6.75057E+5
-6.31800E-1	1.46530E+4	1.24614E-3	5.79573E+0	9.30422E-1	4.63473E+6	7.44039E+5
-6.40000E-1	1.46500E+4	1.11992E-3	5.79567E+0	9.30488E-1	5.15703E+6	8.27956E+5
-6.48300E-1	1.46520E+4	1.02419E-3	5.79571E+0	9.30562E-1	5.63907E+6	9.05412E+5
-6.56900E-1	1.46500E+4	8.99885E-4	5.79516E+0	9.30520E-1	6.41742E+6	1.03043E+6
-6.65300E-1	1.46480E+4	7.56106E-4	5.79531E+0	9.30590E-1	7.63793E+6	1.22647E+6
-6.73600E-1	1.46500E+4	6.32499E-4	5.79520E+0	9.30554E-1	9.13041E+6	1.46610E+6
-6.82400E-1	1.46490E+4	5.67221E-4	5.79506E+0	9.30582E-1	1.01809E+7	1.63487E+6
-6.90700E-1	1.46480E+4	4.53206E-4	5.79492E+0	9.30608E-1	1.27419E+7	2.04622E+6
-6.99000E-1	1.46470E+4	3.24909E-4	5.79471E+0	9.30619E-1	1.77726E+7	2.85424E+6
-7.07300E-1	1.46480E+4	2.20067E-4	5.79503E+0	9.30685E-1	2.62411E+7	4.21433E+6
-7.16000E-1	1.46470E+4	7.71420E-5	5.79430E+0	9.30677E-1	7.48499E+7	1.20224E+7
-7.24300E-1	1.46470E+4	-1.94061E-5	5.79419E+0	9.30656E-1	-2.97534E+8	-4.77895E+7
-7.33000E-1	1.46460E+4	-1.00109E-4	5.79399E+0	9.30669E-1	-5.76748E+7	-9.26411E+6
-7.41300E-1	1.46460E+4	-1.98169E-4	5.79397E+0	9.30698E-1	-2.91355E+7	-4.68010E+6
-7.49500E-1	1.46440E+4	-3.26423E-4	5.79371E+0	9.30687E-1	-1.76871E+7	-2.84121E+6
-7.58300E-1	1.46450E+4	-4.70966E-4	5.79353E+0	9.30784E-1	-1.22584E+7	-1.96943E+6
-7.66500E-1	1.46440E+4	-6.02209E-4	5.79357E+0	9.30780E-1	-9.58695E+6	-1.54021E+6
-7.74800E-1	1.46440E+4	-7.24542E-4	5.79322E+0	9.30817E-1	-7.96779E+6	-1.28021E+6
-7.83100E-1	1.46430E+4	-7.88472E-4	5.79307E+0	9.30835E-1	-7.32156E+6	-1.17643E+6
-7.91800E-1	1.46440E+4	-9.31453E-4	5.79283E+0	9.30781E-1	-6.19743E+6	-9.95791E+5
-8.00100E-1	1.46420E+4	-1.04798E-3	5.79279E+0	9.30904E-1	-5.50829E+6	-8.85184E+5
-8.08800E-1	1.46410E+4	-1.17030E-3	5.79262E+0	9.30889E-1	-4.93241E+6	-7.92651E+5
-8.17100E-1	1.46420E+4	-1.28168E-3	5.79253E+0	9.30937E-1	-4.50371E+6	-7.23807E+5
-8.25400E-1	1.46420E+4	-1.41293E-3	5.79237E+0	9.31014E-1	-4.08525E+6	-6.56626E+5
-8.33800E-1	1.46410E+4	-1.52768E-3	5.79225E+0	9.31018E-1	-3.77831E+6	-6.07306E+5
-8.42400E-1	1.46410E+4	-1.66185E-3	5.79204E+0	9.31049E-1	-3.47312E+6	-5.58292E+5
-8.50700E-1	1.46400E+4	-1.74537E-3	5.79172E+0	9.30986E-1	-3.30675E+6	-5.31542E+5
-8.59000E-1	1.46410E+4	-1.81286E-3	5.79181E+0	9.31068E-1	-3.18370E+6	-5.11798E+5
-8.67300E-1	1.46370E+4	-1.96672E-3	5.79159E+0	9.31064E-1	-2.93452E+6	-4.71757E+5
-8.76000E-1	1.46410E+4	-2.09183E-3	5.79171E+0	9.31110E-1	-2.75907E+6	-4.43565E+5
-8.84300E-1	1.46380E+4	-2.16305E-3	5.79127E+0	9.31156E-1	-2.66801E+6	-4.28980E+5
-8.92600E-1	1.46370E+4	-2.28896E-3	5.79113E+0	9.31176E-1	-2.52120E+6	-4.05392E+5
-9.01300E-1	1.46360E+4	-2.43276E-3	5.79112E+0	9.31252E-1	-2.37216E+6	-3.81460E+5
-9.09500E-1	1.46350E+4	-2.50157E-3	5.79092E+0	9.31333E-1	-2.30684E+6	-3.71001E+5
-9.17800E-1	1.46360E+4	-2.61416E-3	5.79067E+0	9.31289E-1	-2.20739E+6	-3.55004E+5
-9.26600E-1	1.46350E+4	-2.74503E-3	5.79055E+0	9.31274E-1	-2.10210E+6	-3.38074E+5
-9.34800E-1	1.46370E+4	-2.91620E-3	5.79025E+0	9.31302E-1	-1.97862E+6	-3.18240E+5
-9.42900E-1	1.46360E+4	-2.99816E-3	5.79038E+0	9.31322E-1	-1.92457E+6	-3.09547E+5
-9.51600E-1	1.46350E+4	-3.10624E-3	5.79015E+0	9.31358E-1	-1.85753E+6	-2.98788E+5
-9.60400E-1	1.46350E+4	-3.21765E-3	5.79003E+0	9.31439E-1	-1.79318E+6	-2.88467E+5
-9.68800E-1	1.46320E+4	-3.31891E-3	5.79000E+0	9.31465E-1	-1.73846E+6	-2.79674E+5
-9.76700E-1	1.46360E+4	-3.42020E-3	5.78982E+0	9.31545E-1	-1.68692E+6	-2.71415E+5
-9.85900E-1	1.46320E+4	-3.54029E-3	5.78975E+0	9.31515E-1	-1.62968E+6	-2.62200E+5
-9.94300E-1	1.46340E+4	-3.60067E-3	5.78950E+0	9.31540E-1	-1.60228E+6	-2.57810E+5
-1.00150E+0	1.46320E+4	-3.72905E-3	5.78952E+0	9.31615E-1	-1.54713E+6	-2.48955E+5
-1.00390E+0	1.46310E+4	-3.77653E-3	5.78937E+0	9.31609E-1	-1.52764E+6	-2.45823E+5
-1.00390E+0	1.46310E+4	-3.77616E-3	5.78932E+0	9.31626E-1	-1.52777E+6	-2.45851E+5
-1.00270E+0	1.46330E+4	-3.74993E-3	5.78936E+0	9.31612E-1	-1.53847E+6	-2.47568E+5
-1.00090E+0	1.46300E+4	-3.73887E-3	5.78900E+0	9.31556E-1	-1.54292E+6	-2.48285E+5
