						
5.00000E+0	2.15860E+4	5.85356E+0	5.65725E+0	9.65606E-1	9.63090E+2	1.64385E+2
4.99730E+0	2.15890E+4	5.85497E+0	5.65739E+0	9.65515E-1	9.62881E+2	1.64330E+2
4.99120E+0	2.15900E+4	5.84961E+0	5.65749E+0	9.65482E-1	9.63781E+2	1.64475E+2
4.98420E+0	2.15880E+4	5.83819E+0	5.65780E+0	9.65424E-1	9.65720E+2	1.64786E+2
4.97610E+0	2.15880E+4	5.83030E+0	5.65819E+0	9.65333E-1	9.67093E+2	1.64994E+2
4.96810E+0	2.15860E+4	5.82499E+0	5.65845E+0	9.65219E-1	9.68019E+2	1.65125E+2
4.95980E+0	2.15850E+4	5.81757E+0	5.65884E+0	9.65208E-1	9.69319E+2	1.65333E+2
4.95170E+0	2.15890E+4	5.80275E+0	5.65877E+0	9.64988E-1	9.71785E+2	1.65718E+2
4.94290E+0	2.15910E+4	5.79153E+0	5.65955E+0	9.64955E-1	9.73801E+2	1.66033E+2
4.93470E+0	2.15860E+4	5.78781E+0	5.65987E+0	9.64858E-1	9.74482E+2	1.66123E+2
4.92630E+0	2.15870E+4	5.77754E+0	5.66029E+0	9.64776E-1	9.76286E+2	1.66405E+2
4.91810E+0	2.15880E+4	5.76379E+0	5.66058E+0	9.64723E-1	9.78666E+2	1.66792E+2
4.90930E+0	2.15840E+4	5.75803E+0	5.66079E+0	9.64548E-1	9.79682E+2	1.66929E+2
4.90110E+0	2.15860E+4	5.75326E+0	5.66137E+0	9.64523E-1	9.80593E+2	1.67063E+2
4.89270E+0	2.15820E+4	5.74257E+0	5.66182E+0	9.64435E-1	9.82497E+2	1.67359E+2
4.88410E+0	2.15840E+4	5.73057E+0	5.66186E+0	9.64238E-1	9.84562E+2	1.67675E+2
4.87580E+0	2.15860E+4	5.72563E+0	5.66257E+0	9.64194E-1	9.85535E+2	1.67812E+2
4.86740E+0	2.15840E+4	5.71486E+0	5.66276E+0	9.64121E-1	9.87425E+2	1.68115E+2
4.85870E+0	2.15830E+4	5.70935E+0	5.66318E+0	9.64117E-1	9.88451E+2	1.68277E+2
4.85040E+0	2.15850E+4	5.69392E+0	5.66359E+0	9.63958E-1	9.91201E+2	1.68705E+2
4.84220E+0	2.15820E+4	5.68636E+0	5.66382E+0	9.63864E-1	9.92560E+2	1.68913E+2
4.83370E+0	2.15820E+4	5.67647E+0	5.66418E+0	9.63725E-1	9.94353E+2	1.69183E+2
4.82510E+0	2.15810E+4	5.66743E+0	5.66466E+0	9.63695E-1	9.96023E+2	1.69447E+2
4.81680E+0	2.15830E+4	5.65797E+0	5.66483E+0	9.63525E-1	9.97720E+2	1.69701E+2
4.80850E+0	2.15800E+4	5.65007E+0	5.66547E+0	9.63470E-1	9.99227E+2	1.69928E+2
4.80020E+0	2.15830E+4	5.63530E+0	5.66561E+0	9.63394E-1	1.00187E+3	1.70360E+2
4.79140E+0	2.15800E+4	5.62949E+0	5.66605E+0	9.63270E-1	1.00298E+3	1.70514E+2
4.78310E+0	2.15810E+4	5.62073E+0	5.66648E+0	9.63235E-1	1.00462E+3	1.70774E+2
4.77480E+0	2.15830E+4	5.60710E+0	5.66667E+0	9.63105E-1	1.00710E+3	1.71166E+2
4.76600E+0	2.15840E+4	5.60071E+0	5.66735E+0	9.63088E-1	1.00837E+3	1.71358E+2
4.75770E+0	2.15820E+4	5.59274E+0	5.66742E+0	9.62896E-1	1.00982E+3	1.71568E+2
4.74950E+0	2.15810E+4	5.58203E+0	5.66773E+0	9.62797E-1	1.01181E+3	1.71880E+2
4.74070E+0	2.15810E+4	5.57332E+0	5.66839E+0	9.62753E-1	1.01351E+3	1.72140E+2
4.73250E+0	2.15800E+4	5.56784E+0	5.66829E+0	9.62608E-1	1.01449E+3	1.72284E+2
4.72410E+0	2.15810E+4	5.55898E+0	5.66895E+0	9.62548E-1	1.01622E+3	1.72548E+2
4.71580E+0	2.15800E+4	5.54550E+0	5.66919E+0	9.62457E-1	1.01874E+3	1.72951E+2
4.70710E+0	2.15800E+4	5.53519E+0	5.66940E+0	9.62321E-1	1.02067E+3	1.73248E+2
4.69880E+0	2.15800E+4	5.52525E+0	5.66992E+0	9.62236E-1	1.02260E+3	1.73545E+2
4.69060E+0	2.15820E+4	5.51692E+0	5.67030E+0	9.62136E-1	1.02422E+3	1.73789E+2
4.68220E+0	2.15780E+4	5.50752E+0	5.67043E+0	9.62031E-1	1.02599E+3	1.74066E+2
4.67350E+0	2.15800E+4	5.49942E+0	5.67117E+0	9.62024E-1	1.02763E+3	1.74321E+2
4.66510E+0	2.15810E+4	5.49029E+0	5.67142E+0	9.61895E-1	1.02939E+3	1.74588E+2
4.65680E+0	2.15790E+4	5.48100E+0	5.67139E+0	9.61729E-1	1.03113E+3	1.74854E+2
4.64800E+0	2.15780E+4	5.46943E+0	5.67206E+0	9.61750E-1	1.03343E+3	1.75227E+2
4.63970E+0	2.15810E+4	5.45903E+0	5.67226E+0	9.61571E-1	1.03543E+3	1.75528E+2
4.63140E+0	2.15810E+4	5.45493E+0	5.67279E+0	9.61565E-1	1.03631E+3	1.75659E+2
4.62260E+0	2.15790E+4	5.44619E+0	5.67361E+0	9.61554E-1	1.03812E+3	1.75939E+2
4.61430E+0	2.15790E+4	5.43678E+0	5.67341E+0	9.61267E-1	1.03988E+3	1.76191E+2
4.60600E+0	2.15770E+4	5.42553E+0	5.67394E+0	9.61206E-1	1.04214E+3	1.76545E+2
4.59730E+0	2.15760E+4	5.41966E+0	5.67428E+0	9.61123E-1	1.04333E+3	1.76721E+2
4.58900E+0	2.15800E+4	5.40544E+0	5.67458E+0	9.61025E-1	1.04613E+3	1.77168E+2
4.58080E+0	2.15750E+4	5.40000E+0	5.67498E+0	9.60942E-1	1.04725E+3	1.77331E+2
4.57200E+0	2.15790E+4	5.39008E+0	5.67510E+0	9.60859E-1	1.04920E+3	1.77642E+2
4.56370E+0	2.15790E+4	5.38154E+0	5.67558E+0	9.60733E-1	1.05096E+3	1.77901E+2
4.55540E+0	2.15760E+4	5.36863E+0	5.67586E+0	9.60661E-1	1.05354E+3	1.78315E+2
4.54670E+0	2.15770E+4	5.35889E+0	5.67633E+0	9.60524E-1	1.05554E+3	1.78614E+2
4.53830E+0	2.15780E+4	5.35324E+0	5.67684E+0	9.60488E-1	1.05675E+3	1.78796E+2
4.53000E+0	2.15800E+4	5.34301E+0	5.67679E+0	9.60333E-1	1.05876E+3	1.79109E+2
4.52130E+0	2.15770E+4	5.34036E+0	5.67750E+0	9.60339E-1	1.05942E+3	1.79199E+2
4.51300E+0	2.15780E+4	5.32456E+0	5.67771E+0	9.60204E-1	1.06260E+3	1.79705E+2
4.50470E+0	2.15760E+4	5.31639E+0	5.67798E+0	9.60060E-1	1.06429E+3	1.79955E+2
4.49600E+0	2.15770E+4	5.30450E+0	5.67852E+0	9.60028E-1	1.06677E+3	1.80352E+2
4.48770E+0	2.15760E+4	5.29640E+0	5.67867E+0	9.59899E-1	1.06843E+3	1.80603E+2
4.47950E+0	2.15760E+4	5.28979E+0	5.67910E+0	9.59790E-1	1.06985E+3	1.80809E+2
4.47120E+0	2.15750E+4	5.27522E+0	5.67941E+0	9.59731E-1	1.07286E+3	1.81297E+2
4.46230E+0	2.15760E+4	5.26701E+0	5.67981E+0	9.59671E-1	1.07461E+3	1.81568E+2
4.45400E+0	2.15790E+4	5.25691E+0	5.68025E+0	9.59628E-1	1.07676E+3	1.81909E+2
4.44570E+0	2.15770E+4	5.24926E+0	5.68067E+0	9.59469E-1	1.07841E+3	1.82144E+2
4.43710E+0	2.15770E+4	5.23962E+0	5.68076E+0	9.59367E-1	1.08041E+3	1.82459E+2
4.42870E+0	2.15770E+4	5.22889E+0	5.68125E+0	9.59294E-1	1.08272E+3	1.82820E+2
4.42040E+0	2.15770E+4	5.21997E+0	5.68168E+0	9.59199E-1	1.08465E+3	1.83114E+2
4.41210E+0	2.15780E+4	5.21132E+0	5.68182E+0	9.59026E-1	1.08648E+3	1.83385E+2
4.40350E+0	2.15750E+4	5.20159E+0	5.68223E+0	9.59012E-1	1.08859E+3	1.83725E+2
4.39520E+0	2.15750E+4	5.19565E+0	5.68246E+0	9.58876E-1	1.08988E+3	1.83909E+2
4.38680E+0	2.15750E+4	5.18282E+0	5.68308E+0	9.58837E-1	1.09270E+3	1.84357E+2
4.37850E+0	2.15750E+4	5.17138E+0	5.68327E+0	9.58726E-1	1.09515E+3	1.84744E+2
4.36970E+0	2.15750E+4	5.16536E+0	5.68370E+0	9.58625E-1	1.09651E+3	1.84940E+2
4.36140E+0	2.15800E+4	5.15670E+0	5.68416E+0	9.58585E-1	1.09844E+3	1.85242E+2
4.35320E+0	2.15760E+4	5.15061E+0	5.68424E+0	9.58403E-1	1.09975E+3	1.85426E+2
4.34490E+0	2.15760E+4	5.14104E+0	5.68490E+0	9.58413E-1	1.10193E+3	1.85773E+2
4.33610E+0	2.15760E+4	5.13186E+0	5.68522E+0	9.58259E-1	1.10396E+3	1.86076E+2
4.32780E+0	2.15730E+4	5.12532E+0	5.68547E+0	9.58178E-1	1.10542E+3	1.86298E+2
4.31940E+0	2.15760E+4	5.11019E+0	5.68590E+0	9.58111E-1	1.10878E+3	1.86836E+2
4.31070E+0	2.15770E+4	5.10375E+0	5.68629E+0	9.58035E-1	1.11025E+3	1.87057E+2
4.30240E+0	2.15770E+4	5.09037E+0	5.68648E+0	9.57916E-1	1.11321E+3	1.87525E+2
4.29360E+0	2.15730E+4	5.07876E+0	5.68695E+0	9.57829E-1	1.11584E+3	1.87937E+2
4.28520E+0	2.15770E+4	5.07462E+0	5.68730E+0	9.57757E-1	1.11682E+3	1.88076E+2
4.27690E+0	2.15770E+4	5.06468E+0	5.68757E+0	9.57586E-1	1.11907E+3	1.88412E+2
4.26860E+0	2.15750E+4	5.05246E+0	5.68806E+0	9.57532E-1	1.12187E+3	1.88856E+2
4.25990E+0	2.15720E+4	5.04551E+0	5.68838E+0	9.57456E-1	1.12348E+3	1.89102E+2
4.25160E+0	2.15780E+4	5.03654E+0	5.68869E+0	9.57349E-1	1.12554E+3	1.89417E+2
4.24340E+0	2.15740E+4	5.02254E+0	5.68899E+0	9.57249E-1	1.12874E+3	1.89925E+2
4.23450E+0	2.15770E+4	5.01748E+0	5.68962E+0	9.57169E-1	1.13000E+3	1.90101E+2
4.22640E+0	2.15740E+4	5.00763E+0	5.68974E+0	9.57084E-1	1.13225E+3	1.90458E+2
4.21760E+0	2.15750E+4	4.99532E+0	5.69005E+0	9.57025E-1	1.13510E+3	1.90916E+2
4.20930E+0	2.15770E+4	4.98525E+0	5.69055E+0	9.56934E-1	1.13749E+3	1.91283E+2
4.20060E+0	2.15720E+4	4.97987E+0	5.69093E+0	9.56812E-1	1.13880E+3	1.91465E+2
4.19230E+0	2.15750E+4	4.97137E+0	5.69121E+0	9.56741E-1	1.14080E+3	1.91779E+2
4.18390E+0	2.15730E+4	4.96014E+0	5.69163E+0	9.56658E-1	1.14347E+3	1.92196E+2
4.17570E+0	2.15760E+4	4.95287E+0	5.69168E+0	9.56438E-1	1.14516E+3	1.92434E+2
4.16690E+0	2.15750E+4	4.94271E+0	5.69227E+0	9.56455E-1	1.14763E+3	1.92833E+2
4.15860E+0	2.15740E+4	4.92972E+0	5.69232E+0	9.56278E-1	1.15066E+3	1.93305E+2
4.15030E+0	2.15750E+4	4.91987E+0	5.69288E+0	9.56215E-1	1.15308E+3	1.93680E+2
4.14160E+0	2.15760E+4	4.91283E+0	5.69323E+0	9.56198E-1	1.15481E+3	1.93954E+2
4.13330E+0	2.15750E+4	4.90335E+0	5.69365E+0	9.56128E-1	1.15712E+3	1.94314E+2
4.12510E+0	2.15760E+4	4.89196E+0	5.69381E+0	9.55966E-1	1.15985E+3	1.94734E+2
4.11680E+0	2.15750E+4	4.88355E+0	5.69428E+0	9.55902E-1	1.16194E+3	1.95056E+2
4.10800E+0	2.15730E+4	4.87436E+0	5.69452E+0	9.55794E-1	1.16418E+3	1.95402E+2
4.09970E+0	2.15750E+4	4.86872E+0	5.69496E+0	9.55654E-1	1.16562E+3	1.95599E+2
4.09140E+0	2.15760E+4	4.85791E+0	5.69534E+0	9.55592E-1	1.16829E+3	1.96022E+2
4.08300E+0	2.15710E+4	4.84404E+0	5.69558E+0	9.55538E-1	1.17169E+3	1.96572E+2
4.07440E+0	2.15760E+4	4.83755E+0	5.69616E+0	9.55424E-1	1.17338E+3	1.96813E+2
4.06610E+0	2.15750E+4	4.82631E+0	5.69630E+0	9.55340E-1	1.17614E+3	1.97253E+2
4.05780E+0	2.15760E+4	4.81918E+0	5.69667E+0	9.55260E-1	1.17796E+3	1.97529E+2
4.04900E+0	2.15760E+4	4.80615E+0	5.69697E+0	9.55098E-1	1.18121E+3	1.98031E+2
4.04090E+0	2.15780E+4	4.80197E+0	5.69733E+0	9.55052E-1	1.18232E+3	1.98194E+2
4.03240E+0	2.15740E+4	4.79034E+0	5.69793E+0	9.55017E-1	1.18531E+3	1.98667E+2
4.02410E+0	2.15750E+4	4.78359E+0	5.69794E+0	9.54909E-1	1.18699E+3	1.98925E+2
4.01540E+0	2.15750E+4	4.77397E+0	5.69851E+0	9.54793E-1	1.18950E+3	1.99302E+2
4.00710E+0	2.15780E+4	4.76058E+0	5.69887E+0	9.54716E-1	1.19292E+3	1.99846E+2
3.99870E+0	2.15740E+4	4.75411E+0	5.69910E+0	9.54633E-1	1.19459E+3	2.00101E+2
3.99010E+0	2.15760E+4	4.74451E+0	5.69964E+0	9.54572E-1	1.19712E+3	2.00493E+2
3.98170E+0	2.15760E+4	4.73324E+0	5.69997E+0	9.54494E-1	1.20004E+3	2.00954E+2
3.97330E+0	2.15740E+4	4.72888E+0	5.70022E+0	9.54329E-1	1.20120E+3	2.01104E+2
3.96450E+0	2.15750E+4	4.71335E+0	5.70067E+0	9.54291E-1	1.20525E+3	2.01759E+2
3.95630E+0	2.15740E+4	4.70944E+0	5.70090E+0	9.54191E-1	1.20630E+3	2.01905E+2
3.94800E+0	2.15730E+4	4.69686E+0	5.70122E+0	9.54073E-1	1.20960E+3	2.02421E+2
3.93920E+0	2.15750E+4	4.68717E+0	5.70173E+0	9.54066E-1	1.21221E+3	2.02838E+2
3.93090E+0	2.15780E+4	4.67758E+0	5.70167E+0	9.53912E-1	1.21468E+3	2.03221E+2
3.92250E+0	2.15760E+4	4.66959E+0	5.70225E+0	9.53870E-1	1.21688E+3	2.03560E+2
3.91420E+0	2.15780E+4	4.65967E+0	5.70267E+0	9.53773E-1	1.21957E+3	2.03973E+2
3.90560E+0	2.15750E+4	4.65250E+0	5.70295E+0	9.53651E-1	1.22151E+3	2.04261E+2
3.89710E+0	2.15750E+4	4.64296E+0	5.70340E+0	9.53579E-1	1.22411E+3	2.04665E+2
3.88900E+0	2.15770E+4	4.63013E+0	5.70367E+0	9.53534E-1	1.22756E+3	2.05223E+2
3.88020E+0	2.15790E+4	4.62131E+0	5.70402E+0	9.53414E-1	1.22998E+3	2.05588E+2
3.87190E+0	2.15740E+4	4.61333E+0	5.70435E+0	9.53270E-1	1.23218E+3	2.05913E+2
3.86360E+0	2.15750E+4	4.60561E+0	5.70468E+0	9.53188E-1	1.23431E+3	2.06240E+2
3.85530E+0	2.15790E+4	4.59103E+0	5.70510E+0	9.53091E-1	1.23833E+3	2.06874E+2
3.84650E+0	2.15770E+4	4.58652E+0	5.70534E+0	9.52988E-1	1.23959E+3	2.07055E+2
3.83820E+0	2.15750E+4	4.57926E+0	5.70574E+0	9.52934E-1	1.24165E+3	2.07372E+2
3.82990E+0	2.15780E+4	4.56708E+0	5.70590E+0	9.52857E-1	1.24499E+3	2.07908E+2
3.82160E+0	2.15760E+4	4.55416E+0	5.70612E+0	9.52728E-1	1.24857E+3	2.08469E+2
3.81300E+0	2.15790E+4	4.54512E+0	5.70673E+0	9.52708E-1	1.25119E+3	2.08880E+2
3.80480E+0	2.15760E+4	4.53510E+0	5.70685E+0	9.52535E-1	1.25398E+3	2.09303E+2
3.79630E+0	2.15760E+4	4.52961E+0	5.70735E+0	9.52498E-1	1.25561E+3	2.09549E+2
3.78760E+0	2.15780E+4	4.51782E+0	5.70768E+0	9.52409E-1	1.25896E+3	2.10076E+2
3.77940E+0	2.15790E+4	4.50943E+0	5.70785E+0	9.52341E-1	1.26134E+3	2.10452E+2
3.77100E+0	2.15770E+4	4.49785E+0	5.70824E+0	9.52164E-1	1.26467E+3	2.10954E+2
3.76230E+0	2.15760E+4	4.48984E+0	5.70862E+0	9.52199E-1	1.26701E+3	2.11338E+2
3.75390E+0	2.15760E+4	4.47824E+0	5.70903E+0	9.52082E-1	1.27039E+3	2.11860E+2
3.74570E+0	2.15800E+4	4.46985E+0	5.70939E+0	9.51898E-1	1.27285E+3	2.12217E+2
3.73700E+0	2.15760E+4	4.46231E+0	5.70955E+0	9.51856E-1	1.27504E+3	2.12566E+2
3.72870E+0	2.15810E+4	4.45277E+0	5.70983E+0	9.51753E-1	1.27783E+3	2.12998E+2
3.72030E+0	2.15750E+4	4.44018E+0	5.71025E+0	9.51671E-1	1.28155E+3	2.13583E+2
3.71170E+0	2.15760E+4	4.42942E+0	5.71056E+0	9.51562E-1	1.28474E+3	2.14078E+2
3.70330E+0	2.15780E+4	4.42374E+0	5.71089E+0	9.51489E-1	1.28646E+3	2.14336E+2
3.69510E+0	2.15810E+4	4.41641E+0	5.71132E+0	9.51417E-1	1.28869E+3	2.14676E+2
3.68630E+0	2.15800E+4	4.40226E+0	5.71162E+0	9.51328E-1	1.29290E+3	2.15346E+2
3.67790E+0	2.15790E+4	4.39455E+0	5.71196E+0	9.51250E-1	1.29525E+3	2.15706E+2
3.66970E+0	2.15810E+4	4.38756E+0	5.71193E+0	9.51071E-1	1.29730E+3	2.16009E+2
3.66100E+0	2.15810E+4	4.37356E+0	5.71264E+0	9.51054E-1	1.30162E+3	2.16697E+2
3.65250E+0	2.15770E+4	4.36719E+0	5.71276E+0	9.50940E-1	1.30354E+3	2.16986E+2
3.64430E+0	2.15810E+4	4.35827E+0	5.71327E+0	9.50872E-1	1.30633E+3	2.17415E+2
3.63590E+0	2.15810E+4	4.34954E+0	5.71369E+0	9.50784E-1	1.30905E+3	2.17831E+2
3.62720E+0	2.15770E+4	4.33663E+0	5.71394E+0	9.50714E-1	1.31300E+3	2.18464E+2
3.61890E+0	2.15790E+4	4.32435E+0	5.71437E+0	9.50594E-1	1.31683E+3	2.19056E+2
3.61060E+0	2.15810E+4	4.31967E+0	5.71462E+0	9.50542E-1	1.31831E+3	2.19282E+2
3.60220E+0	2.15800E+4	4.30806E+0	5.71495E+0	9.50458E-1	1.32194E+3	2.19853E+2
3.59350E+0	2.15780E+4	4.29965E+0	5.71550E+0	9.50399E-1	1.32465E+3	2.20269E+2
3.58520E+0	2.15800E+4	4.28885E+0	5.71578E+0	9.50322E-1	1.32805E+3	2.20806E+2
3.57640E+0	2.15810E+4	4.27746E+0	5.71614E+0	9.50252E-1	1.33168E+3	2.21378E+2
3.56820E+0	2.15800E+4	4.26740E+0	5.71652E+0	9.50145E-1	1.33490E+3	2.21875E+2
3.55990E+0	2.15790E+4	4.25855E+0	5.71679E+0	9.50032E-1	1.33774E+3	2.22310E+2
3.55160E+0	2.15810E+4	4.25104E+0	5.71711E+0	9.49913E-1	1.34018E+3	2.22675E+2
3.54280E+0	2.15830E+4	4.24334E+0	5.71735E+0	9.49873E-1	1.34267E+3	2.23069E+2
3.53450E+0	2.15830E+4	4.23432E+0	5.71752E+0	9.49727E-1	1.34557E+3	2.23510E+2
3.52610E+0	2.15810E+4	4.22319E+0	5.71803E+0	9.49645E-1	1.34923E+3	2.24080E+2
3.51790E+0	2.15810E+4	4.21259E+0	5.71822E+0	9.49625E-1	1.35268E+3	2.24639E+2
3.50920E+0	2.15810E+4	4.20294E+0	5.71858E+0	9.49426E-1	1.35587E+3	2.25107E+2
3.50090E+0	2.15800E+4	4.19143E+0	5.71896E+0	9.49415E-1	1.35968E+3	2.25723E+2
3.49210E+0	2.15820E+4	4.18191E+0	5.71944E+0	9.49356E-1	1.36289E+3	2.26223E+2
3.48400E+0	2.15810E+4	4.17492E+0	5.71964E+0	9.49234E-1	1.36522E+3	2.26572E+2
3.47550E+0	2.15820E+4	4.16441E+0	5.72008E+0	9.49184E-1	1.36877E+3	2.27132E+2
3.46730E+0	2.15800E+4	4.15163E+0	5.72031E+0	9.49085E-1	1.37304E+3	2.27807E+2
3.45850E+0	2.15820E+4	4.14579E+0	5.72065E+0	9.49009E-1	1.37505E+3	2.28110E+2
3.45030E+0	2.15860E+4	4.13681E+0	5.72073E+0	9.48888E-1	1.37806E+3	2.28576E+2
3.44190E+0	2.15810E+4	4.12988E+0	5.72142E+0	9.48867E-1	1.38054E+3	2.28955E+2
3.43360E+0	2.15830E+4	4.11680E+0	5.72153E+0	9.48717E-1	1.38495E+3	2.29646E+2
3.42490E+0	2.15820E+4	4.11030E+0	5.72196E+0	9.48572E-1	1.38724E+3	2.29974E+2
3.41670E+0	2.15850E+4	4.09947E+0	5.72229E+0	9.48516E-1	1.39099E+3	2.30568E+2
3.40830E+0	2.15870E+4	4.08816E+0	5.72258E+0	9.48453E-1	1.39491E+3	2.31190E+2
3.40000E+0	2.15840E+4	4.07860E+0	5.72286E+0	9.48374E-1	1.39825E+3	2.31713E+2
3.39130E+0	2.15850E+4	4.06835E+0	5.72338E+0	9.48295E-1	1.40190E+3	2.32277E+2
3.38290E+0	2.15850E+4	4.06065E+0	5.72347E+0	9.48169E-1	1.40458E+3	2.32687E+2
3.37430E+0	2.15860E+4	4.04992E+0	5.72378E+0	9.48113E-1	1.40838E+3	2.33290E+2
3.36590E+0	2.15850E+4	4.04056E+0	5.72407E+0	9.48018E-1	1.41171E+3	2.33806E+2
3.35770E+0	2.15850E+4	4.02748E+0	5.72444E+0	9.47937E-1	1.41638E+3	2.34546E+2
3.34890E+0	2.15880E+4	4.01756E+0	5.72490E+0	9.47892E-1	1.42000E+3	2.35114E+2
3.34070E+0	2.15860E+4	4.00918E+0	5.72510E+0	9.47801E-1	1.42302E+3	2.35583E+2
3.33230E+0	2.15860E+4	4.00191E+0	5.72535E+0	9.47682E-1	1.42566E+3	2.35981E+2
3.32400E+0	2.15860E+4	3.99302E+0	5.72577E+0	9.47596E-1	1.42894E+3	2.36485E+2
3.31520E+0	2.15850E+4	3.98339E+0	5.72613E+0	9.47513E-1	1.43248E+3	2.37036E+2
3.30690E+0	2.15900E+4	3.97379E+0	5.72640E+0	9.47460E-1	1.43601E+3	2.37595E+2
3.29860E+0	2.15880E+4	3.96084E+0	5.72681E+0	9.47386E-1	1.44081E+3	2.38354E+2
3.28990E+0	2.15890E+4	3.95217E+0	5.72706E+0	9.47279E-1	1.44404E+3	2.38849E+2
3.28150E+0	2.15930E+4	3.94344E+0	5.72742E+0	9.47200E-1	1.44732E+3	2.39358E+2
3.27320E+0	2.15900E+4	3.93381E+0	5.72765E+0	9.47061E-1	1.45092E+3	2.39909E+2
3.26480E+0	2.15940E+4	3.92553E+0	5.72809E+0	9.47023E-1	1.45410E+3	2.40406E+2
3.25610E+0	2.15900E+4	3.91461E+0	5.72840E+0	9.46924E-1	1.45823E+3	2.41051E+2
3.24790E+0	2.15910E+4	3.90681E+0	5.72856E+0	9.46777E-1	1.46118E+3	2.41495E+2
3.23960E+0	2.15900E+4	3.89495E+0	5.72919E+0	9.46786E-1	1.46579E+3	2.42232E+2
3.23080E+0	2.15930E+4	3.88197E+0	5.72921E+0	9.46675E-1	1.47070E+3	2.43014E+2
3.22240E+0	2.15890E+4	3.87692E+0	5.72949E+0	9.46567E-1	1.47269E+3	2.43302E+2
3.21410E+0	2.15940E+4	3.86542E+0	5.72985E+0	9.46482E-1	1.47716E+3	2.44004E+2
3.20580E+0	2.15940E+4	3.85804E+0	5.73018E+0	9.46352E-1	1.48007E+3	2.44438E+2
3.19710E+0	2.15920E+4	3.84715E+0	5.73077E+0	9.46380E-1	1.48442E+3	2.45137E+2
3.18880E+0	2.15930E+4	3.83634E+0	5.73099E+0	9.46264E-1	1.48866E+3	2.45797E+2
3.18050E+0	2.15920E+4	3.82806E+0	5.73116E+0	9.46135E-1	1.49192E+3	2.46295E+2
3.17210E+0	2.15960E+4	3.81824E+0	5.73150E+0	9.46068E-1	1.49585E+3	2.46911E+2
3.16350E+0	2.15930E+4	3.80708E+0	5.73186E+0	9.46026E-1	1.50032E+3	2.47624E+2
3.15530E+0	2.15960E+4	3.79823E+0	5.73227E+0	9.45944E-1	1.50393E+3	2.48180E+2
3.14650E+0	2.15940E+4	3.78613E+0	5.73230E+0	9.45797E-1	1.50874E+3	2.48934E+2
3.13810E+0	2.15990E+4	3.77733E+0	5.73272E+0	9.45744E-1	1.51237E+3	2.49500E+2
3.12990E+0	2.15960E+4	3.76813E+0	5.73327E+0	9.45694E-1	1.51621E+3	2.50096E+2
3.12150E+0	2.15980E+4	3.75899E+0	5.73334E+0	9.45590E-1	1.51991E+3	2.50676E+2
3.11290E+0	2.15990E+4	3.75043E+0	5.73367E+0	9.45477E-1	1.52347E+3	2.51218E+2
3.10470E+0	2.15960E+4	3.73538E+0	5.73403E+0	9.45413E-1	1.52970E+3	2.52214E+2
3.09630E+0	2.15980E+4	3.73204E+0	5.73431E+0	9.45337E-1	1.53114E+3	2.52419E+2
3.08760E+0	2.15990E+4	3.72031E+0	5.73459E+0	9.45262E-1	1.53605E+3	2.53195E+2
3.07930E+0	2.15990E+4	3.71053E+0	5.73507E+0	9.45200E-1	1.54023E+3	2.53846E+2
3.07100E+0	2.16000E+4	3.70196E+0	5.73519E+0	9.45110E-1	1.54382E+3	2.54409E+2
3.06220E+0	2.16010E+4	3.68960E+0	5.73559E+0	9.45002E-1	1.54911E+3	2.55232E+2
3.05380E+0	2.15990E+4	3.68155E+0	5.73579E+0	9.44917E-1	1.55254E+3	2.55767E+2
3.04560E+0	2.16010E+4	3.66977E+0	5.73638E+0	9.44886E-1	1.55769E+3	2.56580E+2
3.03720E+0	2.16030E+4	3.65991E+0	5.73658E+0	9.44803E-1	1.56194E+3	2.57248E+2
3.02870E+0	2.16020E+4	3.65184E+0	5.73683E+0	9.44661E-1	1.56546E+3	2.57778E+2
3.02030E+0	2.16020E+4	3.64092E+0	5.73732E+0	9.44644E-1	1.57029E+3	2.58546E+2
3.01200E+0	2.15990E+4	3.63215E+0	5.73759E+0	9.44534E-1	1.57416E+3	2.59141E+2
3.00370E+0	2.16040E+4	3.62073E+0	5.73773E+0	9.44424E-1	1.57916E+3	2.59928E+2
2.99490E+0	2.16050E+4	3.61356E+0	5.73825E+0	9.44418E-1	1.58244E+3	2.60442E+2
2.98660E+0	2.16040E+4	3.60265E+0	5.73858E+0	9.44339E-1	1.58732E+3	2.61208E+2
2.97770E+0	2.16040E+4	3.59400E+0	5.73878E+0	9.44215E-1	1.59120E+3	2.61803E+2
2.96940E+0	2.16070E+4	3.58334E+0	5.73893E+0	9.44119E-1	1.59597E+3	2.62555E+2
2.96110E+0	2.16090E+4	3.57149E+0	5.73942E+0	9.44090E-1	1.60140E+3	2.63418E+2
2.95280E+0	2.16050E+4	3.56611E+0	5.73969E+0	9.44017E-1	1.60389E+3	2.63795E+2
2.94410E+0	2.16080E+4	3.54992E+0	5.73993E+0	9.43941E-1	1.61128E+3	2.64977E+2
2.93580E+0	2.16050E+4	3.54304E+0	5.74031E+0	9.43839E-1	1.61451E+3	2.65463E+2
2.92710E+0	2.16100E+4	3.53552E+0	5.74046E+0	9.43741E-1	1.61799E+3	2.66000E+2
2.91890E+0	2.16070E+4	3.52443E+0	5.74066E+0	9.43667E-1	1.62314E+3	2.66816E+2
2.91050E+0	2.16110E+4	3.51432E+0	5.74099E+0	9.43551E-1	1.62790E+3	2.67551E+2
2.90220E+0	2.16130E+4	3.50479E+0	5.74146E+0	9.43516E-1	1.63246E+3	2.68268E+2
2.89340E+0	2.16120E+4	3.49642E+0	5.74164E+0	9.43381E-1	1.63642E+3	2.68872E+2
2.88500E+0	2.16110E+4	3.48215E+0	5.74211E+0	9.43337E-1	1.64326E+3	2.69961E+2
2.87670E+0	2.16150E+4	3.47324E+0	5.74232E+0	9.43226E-1	1.64753E+3	2.70622E+2
2.86810E+0	2.16130E+4	3.46417E+0	5.74267E+0	9.43145E-1	1.65195E+3	2.71307E+2
2.85980E+0	2.16120E+4	3.45555E+0	5.74301E+0	9.43087E-1	1.65617E+3	2.71967E+2
2.85140E+0	2.16160E+4	3.44579E+0	5.74313E+0	9.42932E-1	1.66089E+3	2.72692E+2
2.84310E+0	2.16130E+4	3.43630E+0	5.74364E+0	9.42928E-1	1.66563E+3	2.73445E+2
2.83440E+0	2.16170E+4	3.42643E+0	5.74386E+0	9.42846E-1	1.67049E+3	2.74209E+2
2.82620E+0	2.16150E+4	3.41283E+0	5.74411E+0	9.42758E-1	1.67722E+3	2.75276E+2
2.81790E+0	2.16210E+4	3.40369E+0	5.74429E+0	9.42665E-1	1.68177E+3	2.75987E+2
2.80930E+0	2.16160E+4	3.39206E+0	5.74475E+0	9.42627E-1	1.68768E+3	2.76923E+2
2.80090E+0	2.16190E+4	3.38764E+0	5.74501E+0	9.42521E-1	1.68995E+3	2.77252E+2
2.79260E+0	2.16180E+4	3.37548E+0	5.74517E+0	9.42425E-1	1.69609E+3	2.78223E+2
2.78430E+0	2.16190E+4	3.36575E+0	5.74576E+0	9.42403E-1	1.70117E+3	2.79021E+2
2.77550E+0	2.16220E+4	3.35814E+0	5.74592E+0	9.42325E-1	1.70507E+3	2.79630E+2
2.76720E+0	2.16230E+4	3.34803E+0	5.74622E+0	9.42151E-1	1.71031E+3	2.80423E+2
2.75850E+0	2.16190E+4	3.33828E+0	5.74667E+0	9.42156E-1	1.71544E+3	2.81243E+2
2.75020E+0	2.16240E+4	3.32597E+0	5.74684E+0	9.42069E-1	1.72184E+3	2.82258E+2
2.74190E+0	2.16210E+4	3.31567E+0	5.74686E+0	9.41921E-1	1.72719E+3	2.83090E+2
2.73320E+0	2.16250E+4	3.30431E+0	5.74771E+0	9.41931E-1	1.73339E+3	2.84066E+2
2.72440E+0	2.16250E+4	3.29557E+0	5.74766E+0	9.41730E-1	1.73797E+3	2.84759E+2
2.71610E+0	2.16280E+4	3.28433E+0	5.74821E+0	9.41738E-1	1.74408E+3	2.85736E+2
2.70790E+0	2.16290E+4	3.27484E+0	5.74844E+0	9.41708E-1	1.74921E+3	2.86555E+2
2.69950E+0	2.16260E+4	3.26778E+0	5.74860E+0	9.41522E-1	1.75304E+3	2.87117E+2
2.69080E+0	2.16310E+4	3.25729E+0	5.74899E+0	9.41495E-1	1.75880E+3	2.88034E+2
2.68250E+0	2.16320E+4	3.24885E+0	5.74926E+0	9.41416E-1	1.76345E+3	2.88757E+2
2.67410E+0	2.16300E+4	3.23748E+0	5.74973E+0	9.41371E-1	1.76979E+3	2.89758E+2
2.66590E+0	2.16340E+4	3.22337E+0	5.74985E+0	9.41293E-1	1.77758E+3	2.91003E+2
2.65710E+0	2.16310E+4	3.21610E+0	5.75010E+0	9.41186E-1	1.78167E+3	2.91627E+2
2.64880E+0	2.16310E+4	3.20602E+0	5.75036E+0	9.41089E-1	1.78735E+3	2.92514E+2
2.64050E+0	2.16350E+4	3.19637E+0	5.75085E+0	9.41042E-1	1.79290E+3	2.93382E+2
2.63160E+0	2.16340E+4	3.18506E+0	5.75088E+0	9.40914E-1	1.79928E+3	2.94384E+2
2.62340E+0	2.16350E+4	3.17605E+0	5.75146E+0	9.40877E-1	1.80457E+3	2.95207E+2
2.61510E+0	2.16370E+4	3.16455E+0	5.75173E+0	9.40829E-1	1.81121E+3	2.96266E+2
2.60670E+0	2.16390E+4	3.15589E+0	5.75193E+0	9.40723E-1	1.81624E+3	2.97044E+2
2.59800E+0	2.16370E+4	3.14629E+0	5.75215E+0	9.40671E-1	1.82185E+3	2.97934E+2
2.58970E+0	2.16380E+4	3.13522E+0	5.75256E+0	9.40599E-1	1.82842E+3	2.98964E+2
2.58140E+0	2.16370E+4	3.12773E+0	5.75299E+0	9.40533E-1	1.83293E+3	2.99658E+2
2.57260E+0	2.16410E+4	3.11537E+0	5.75293E+0	9.40425E-1	1.84018E+3	3.00813E+2
2.56440E+0	2.16380E+4	3.10454E+0	5.75363E+0	9.40400E-1	1.84683E+3	3.01854E+2
2.55600E+0	2.16430E+4	3.09583E+0	5.75378E+0	9.40325E-1	1.85207E+3	3.02679E+2
2.54730E+0	2.16390E+4	3.08612E+0	5.75387E+0	9.40225E-1	1.85793E+3	3.03599E+2
2.53890E+0	2.16420E+4	3.07468E+0	5.75457E+0	9.40211E-1	1.86507E+3	3.04724E+2
2.53080E+0	2.16430E+4	3.06660E+0	5.75456E+0	9.40137E-1	1.86998E+3	3.05503E+2
2.52240E+0	2.16420E+4	3.05536E+0	5.75499E+0	9.40011E-1	1.87700E+3	3.06586E+2
2.51370E+0	2.16480E+4	3.04462E+0	5.75526E+0	9.39987E-1	1.88371E+3	3.07660E+2
2.50540E+0	2.16420E+4	3.03427E+0	5.75540E+0	9.39886E-1	1.89018E+3	3.08676E+2
2.49700E+0	2.16470E+4	3.02583E+0	5.75587E+0	9.39797E-1	1.89560E+3	3.09507E+2
2.48840E+0	2.16500E+4	3.01276E+0	5.75595E+0	9.39739E-1	1.90386E+3	3.10831E+2
2.48020E+0	2.16480E+4	3.00312E+0	5.75625E+0	9.39617E-1	1.91007E+3	3.11789E+2
2.47130E+0	2.16470E+4	2.99321E+0	5.75666E+0	9.39604E-1	1.91653E+3	3.12817E+2
2.46300E+0	2.16500E+4	2.98246E+0	5.75676E+0	9.39514E-1	1.92347E+3	3.13914E+2
2.45470E+0	2.16500E+4	2.97391E+0	5.75706E+0	9.39426E-1	1.92910E+3	3.14786E+2
2.44610E+0	2.16470E+4	2.96315E+0	5.75740E+0	9.39355E-1	1.93622E+3	3.15907E+2
2.43780E+0	2.16510E+4	2.95634E+0	5.75735E+0	9.39236E-1	1.94066E+3	3.16594E+2
2.42940E+0	2.16490E+4	2.94087E+0	5.75780E+0	9.39189E-1	1.95102E+3	3.18243E+2
2.42070E+0	2.16520E+4	2.93285E+0	5.75813E+0	9.39110E-1	1.95647E+3	3.19087E+2
2.41240E+0	2.16530E+4	2.92529E+0	5.75856E+0	9.39082E-1	1.96167E+3	3.19901E+2
2.40410E+0	2.16530E+4	2.91099E+0	5.75867E+0	9.38969E-1	1.97135E+3	3.21434E+2
2.39590E+0	2.16540E+4	2.90256E+0	5.75894E+0	9.38926E-1	1.97717E+3	3.22353E+2
2.38700E+0	2.16540E+4	2.89234E+0	5.75935E+0	9.38804E-1	1.98429E+3	3.23450E+2
2.37870E+0	2.16580E+4	2.88496E+0	5.75956E+0	9.38725E-1	1.98944E+3	3.24250E+2
2.37040E+0	2.16580E+4	2.87231E+0	5.75969E+0	9.38694E-1	1.99825E+3	3.25668E+2
2.36210E+0	2.16580E+4	2.86099E+0	5.76029E+0	9.38663E-1	2.00636E+3	3.26945E+2
2.35350E+0	2.16610E+4	2.85067E+0	5.76018E+0	9.38523E-1	2.01359E+3	3.28079E+2
2.34510E+0	2.16590E+4	2.84175E+0	5.76065E+0	9.38499E-1	2.02007E+3	3.29101E+2
2.33680E+0	2.16620E+4	2.83166E+0	5.76070E+0	9.38354E-1	2.02729E+3	3.30223E+2
2.32790E+0	2.16630E+4	2.81974E+0	5.76107E+0	9.38338E-1	2.03599E+3	3.31613E+2
2.31960E+0	2.16590E+4	2.81221E+0	5.76144E+0	9.38269E-1	2.04157E+3	3.32477E+2
2.31130E+0	2.16600E+4	2.80495E+0	5.76158E+0	9.38171E-1	2.04691E+3	3.33303E+2
2.30260E+0	2.16600E+4	2.79311E+0	5.76186E+0	9.38128E-1	2.05569E+3	3.34700E+2
2.29430E+0	2.16620E+4	2.77760E+0	5.76213E+0	9.38057E-1	2.06726E+3	3.36543E+2
2.28590E+0	2.16650E+4	2.77080E+0	5.76230E+0	9.37937E-1	2.07239E+3	3.37326E+2
2.27730E+0	2.16650E+4	2.76313E+0	5.76280E+0	9.37902E-1	2.07833E+3	3.38250E+2
2.26890E+0	2.16630E+4	2.74980E+0	5.76281E+0	9.37834E-1	2.08841E+3	3.39865E+2
2.26060E+0	2.16640E+4	2.73595E+0	5.76318E+0	9.37771E-1	2.09911E+3	3.41563E+2
2.25240E+0	2.16670E+4	2.73108E+0	5.76355E+0	9.37691E-1	2.10299E+3	3.42142E+2
2.24360E+0	2.16690E+4	2.71774E+0	5.76364E+0	9.37584E-1	2.11335E+3	3.43783E+2
2.23530E+0	2.16680E+4	2.70886E+0	5.76405E+0	9.37554E-1	2.12042E+3	3.44899E+2
2.22700E+0	2.16710E+4	2.69961E+0	5.76421E+0	9.37463E-1	2.12775E+3	3.46047E+2
2.21830E+0	2.16720E+4	2.68729E+0	5.76447E+0	9.37392E-1	2.13760E+3	3.47607E+2
2.20990E+0	2.16690E+4	2.67737E+0	5.76486E+0	9.37357E-1	2.14566E+3	3.48881E+2
2.20170E+0	2.16710E+4	2.66842E+0	5.76492E+0	9.37265E-1	2.15289E+3	3.50018E+2
2.19290E+0	2.16710E+4	2.65637E+0	5.76515E+0	9.37194E-1	2.16274E+3	3.51578E+2
2.18470E+0	2.16700E+4	2.64762E+0	5.76550E+0	9.37145E-1	2.17001E+3	3.52722E+2
2.17630E+0	2.16740E+4	2.63541E+0	5.76559E+0	9.37028E-1	2.18010E+3	3.54312E+2
2.16800E+0	2.16720E+4	2.62681E+0	5.76616E+0	9.36997E-1	2.18746E+3	3.55460E+2
2.15920E+0	2.16760E+4	2.61775E+0	5.76628E+0	9.36939E-1	2.19507E+3	3.56668E+2
2.15090E+0	2.16760E+4	2.60817E+0	5.76655E+0	9.36857E-1	2.20324E+3	3.57947E+2
2.14270E+0	2.16780E+4	2.59696E+0	5.76698E+0	9.36784E-1	2.21292E+3	3.59464E+2
2.13400E+0	2.16760E+4	2.58551E+0	5.76727E+0	9.36779E-1	2.22283E+3	3.61055E+2
2.12570E+0	2.16780E+4	2.57407E+0	5.76735E+0	9.36660E-1	2.23274E+3	3.62613E+2
2.11730E+0	2.16750E+4	2.56248E+0	5.76742E+0	9.36549E-1	2.24287E+3	3.64210E+2
2.10870E+0	2.16780E+4	2.55340E+0	5.76776E+0	9.36505E-1	2.25097E+3	3.65488E+2
2.10030E+0	2.16830E+4	2.54510E+0	5.76805E+0	9.36466E-1	2.25842E+3	3.66664E+2
2.09200E+0	2.16820E+4	2.53528E+0	5.76826E+0	9.36380E-1	2.26726E+3	3.68051E+2
2.08320E+0	2.16820E+4	2.52226E+0	5.76858E+0	9.36297E-1	2.27909E+3	3.69918E+2
2.07500E+0	2.16810E+4	2.51076E+0	5.76897E+0	9.36231E-1	2.28968E+3	3.71586E+2
2.06670E+0	2.16800E+4	2.50067E+0	5.76889E+0	9.36112E-1	2.29888E+3	3.73037E+2
2.05800E+0	2.16830E+4	2.49264E+0	5.76942E+0	9.36170E-1	2.30651E+3	3.74264E+2
2.04970E+0	2.16850E+4	2.48082E+0	5.76954E+0	9.36025E-1	2.31754E+3	3.75988E+2
2.04090E+0	2.16840E+4	2.46753E+0	5.76989E+0	9.35985E-1	2.33017E+3	3.77997E+2
2.03250E+0	2.16840E+4	2.45682E+0	5.77025E+0	9.35947E-1	2.34047E+3	3.79629E+2
2.02440E+0	2.16850E+4	2.45084E+0	5.77044E+0	9.35873E-1	2.34625E+3	3.80525E+2
2.01610E+0	2.16810E+4	2.44134E+0	5.77061E+0	9.35758E-1	2.35545E+3	3.81959E+2
2.00720E+0	2.16850E+4	2.42742E+0	5.77093E+0	9.35784E-1	2.36909E+3	3.84160E+2
1.99890E+0	2.16860E+4	2.41832E+0	5.77109E+0	9.35712E-1	2.37808E+3	3.85577E+2
1.99050E+0	2.16850E+4	2.40922E+0	5.77141E+0	9.35609E-1	2.38719E+3	3.86990E+2
1.98180E+0	2.16890E+4	2.39601E+0	5.77154E+0	9.35497E-1	2.40041E+3	3.89077E+2
1.97350E+0	2.16810E+4	2.38901E+0	5.77180E+0	9.35413E-1	2.40754E+3	3.90181E+2
1.96520E+0	2.16860E+4	2.38086E+0	5.77202E+0	9.35388E-1	2.41588E+3	3.91507E+2
1.95690E+0	2.16940E+4	2.36834E+0	5.77213E+0	9.35294E-1	2.42870E+3	3.93537E+2
1.94810E+0	2.16890E+4	2.35452E+0	5.77256E+0	9.35226E-1	2.44313E+3	3.95818E+2
1.93990E+0	2.16940E+4	2.34516E+0	5.77285E+0	9.35215E-1	2.45301E+3	3.97393E+2
1.93140E+0	2.16920E+4	2.33282E+0	5.77267E+0	9.35057E-1	2.46591E+3	3.99428E+2
1.92330E+0	2.16880E+4	2.32371E+0	5.77319E+0	9.35041E-1	2.47580E+3	4.00987E+2
1.91440E+0	2.16970E+4	2.31437E+0	5.77336E+0	9.34971E-1	2.48586E+3	4.02575E+2
1.90610E+0	2.16970E+4	2.30297E+0	5.77352E+0	9.34872E-1	2.49824E+3	4.04525E+2
1.89750E+0	2.16930E+4	2.29382E+0	5.77384E+0	9.34871E-1	2.50834E+3	4.06138E+2
1.88910E+0	2.16960E+4	2.28418E+0	5.77393E+0	9.34786E-1	2.51896E+3	4.07815E+2
1.88090E+0	2.16940E+4	2.27161E+0	5.77434E+0	9.34757E-1	2.53309E+3	4.10059E+2
1.87260E+0	2.16990E+4	2.26373E+0	5.77452E+0	9.34719E-1	2.54199E+3	4.11471E+2
1.86390E+0	2.16990E+4	2.25308E+0	5.77469E+0	9.34608E-1	2.55407E+3	4.13366E+2
1.85540E+0	2.16980E+4	2.24117E+0	5.77511E+0	9.34575E-1	2.56784E+3	4.15549E+2
1.84730E+0	2.17020E+4	2.22773E+0	5.77517E+0	9.34512E-1	2.58335E+3	4.18026E+2
1.83870E+0	2.17000E+4	2.22049E+0	5.77538E+0	9.34442E-1	2.59187E+3	4.19357E+2
1.83020E+0	2.17020E+4	2.21085E+0	5.77570E+0	9.34428E-1	2.60331E+3	4.21180E+2
1.82190E+0	2.16990E+4	2.19813E+0	5.77579E+0	9.34303E-1	2.61842E+3	4.23560E+2
1.81360E+0	2.17010E+4	2.18761E+0	5.77608E+0	9.34228E-1	2.63115E+3	4.25564E+2
1.80480E+0	2.17010E+4	2.18089E+0	5.77645E+0	9.34209E-1	2.63942E+3	4.26866E+2
1.79660E+0	2.17020E+4	2.16862E+0	5.77670E+0	9.34163E-1	2.65448E+3	4.29261E+2
1.78830E+0	2.17030E+4	2.16045E+0	5.77671E+0	9.34076E-1	2.66451E+3	4.30844E+2
1.77960E+0	2.17010E+4	2.14542E+0	5.77711E+0	9.33994E-1	2.68337E+3	4.33824E+2
1.77110E+0	2.17040E+4	2.13443E+0	5.77717E+0	9.33988E-1	2.69721E+3	4.36054E+2
1.76300E+0	2.17030E+4	2.12249E+0	5.77743E+0	9.33852E-1	2.71251E+3	4.38444E+2
1.75450E+0	2.17050E+4	2.11600E+0	5.77782E+0	9.33893E-1	2.72101E+3	4.39807E+2
1.74590E+0	2.17020E+4	2.10221E+0	5.77791E+0	9.33847E-1	2.73891E+3	4.42672E+2
1.73760E+0	2.17090E+4	2.09226E+0	5.77814E+0	9.33751E-1	2.75203E+3	4.44730E+2
1.72920E+0	2.17070E+4	2.08204E+0	5.77852E+0	9.33684E-1	2.76572E+3	4.46881E+2
1.72060E+0	2.17060E+4	2.07095E+0	5.77850E+0	9.33601E-1	2.78052E+3	4.49234E+2
1.71210E+0	2.17070E+4	2.06313E+0	5.77862E+0	9.33523E-1	2.79113E+3	4.50900E+2
1.70400E+0	2.17060E+4	2.05319E+0	5.77893E+0	9.33465E-1	2.80480E+3	4.53056E+2
1.69570E+0	2.17110E+4	2.03987E+0	5.77923E+0	9.33486E-1	2.82325E+3	4.56024E+2
1.68780E+0	2.17060E+4	2.02687E+0	5.77937E+0	9.33382E-1	2.84142E+3	4.58896E+2
1.67850E+0	2.17130E+4	2.01923E+0	5.77973E+0	9.33338E-1	2.85236E+3	4.60612E+2
1.66990E+0	2.17120E+4	2.01028E+0	5.77996E+0	9.33246E-1	2.86516E+3	4.62615E+2
1.66150E+0	2.17120E+4	1.99796E+0	5.77997E+0	9.33179E-1	2.88284E+3	4.65436E+2
1.65400E+0	2.17110E+4	1.98415E+0	5.78040E+0	9.33124E-1	2.90312E+3	4.68648E+2
1.64450E+0	2.17140E+4	1.97525E+0	5.78060E+0	9.33101E-1	2.91630E+3	4.70748E+2
1.63610E+0	2.17150E+4	1.96306E+0	5.78057E+0	9.33000E-1	2.93440E+3	4.73620E+2
1.62740E+0	2.17110E+4	1.95330E+0	5.78095E+0	9.32941E-1	2.94925E+3	4.75957E+2
1.61910E+0	2.17140E+4	1.94299E+0	5.78122E+0	9.32936E-1	2.96504E+3	4.78479E+2
1.61080E+0	2.17140E+4	1.93319E+0	5.78139E+0	9.32850E-1	2.98016E+3	4.80860E+2
1.60210E+0	2.17170E+4	1.92180E+0	5.78162E+0	9.32841E-1	2.99794E+3	4.83705E+2
1.59380E+0	2.17160E+4	1.90753E+0	5.78173E+0	9.32770E-1	3.02042E+3	4.87286E+2
1.58540E+0	2.17180E+4	1.89854E+0	5.78205E+0	9.32704E-1	3.03489E+3	4.89559E+2
1.57720E+0	2.17160E+4	1.89196E+0	5.78234E+0	9.32658E-1	3.04560E+3	4.91238E+2
1.56840E+0	2.17160E+4	1.87952E+0	5.78250E+0	9.32554E-1	3.06584E+3	4.94433E+2
1.56010E+0	2.17210E+4	1.86733E+0	5.78266E+0	9.32516E-1	3.08594E+3	4.97641E+2
1.55170E+0	2.17160E+4	1.85586E+0	5.78278E+0	9.32459E-1	3.10509E+3	5.00688E+2
1.54300E+0	2.17210E+4	1.84603E+0	5.78322E+0	9.32402E-1	3.12185E+3	5.03322E+2
1.53470E+0	2.17170E+4	1.83236E+0	5.78339E+0	9.32479E-1	3.14523E+3	5.07118E+2
1.52640E+0	2.17180E+4	1.82176E+0	5.78329E+0	9.32294E-1	3.16348E+3	5.09968E+2
1.51770E+0	2.17190E+4	1.81084E+0	5.78405E+0	9.32286E-1	3.18297E+3	5.13039E+2
1.50950E+0	2.17200E+4	1.80312E+0	5.78390E+0	9.32238E-1	3.19653E+3	5.15210E+2
1.50110E+0	2.17180E+4	1.79201E+0	5.78420E+0	9.32124E-1	3.21652E+3	5.18341E+2
1.49280E+0	2.17230E+4	1.78066E+0	5.78439E+0	9.32154E-1	3.23712E+3	5.21661E+2
1.48420E+0	2.17230E+4	1.77262E+0	5.78440E+0	9.32044E-1	3.25180E+3	5.23964E+2
1.47580E+0	2.17220E+4	1.76299E+0	5.78486E+0	9.32070E-1	3.26983E+3	5.26843E+2
1.46700E+0	2.17240E+4	1.74996E+0	5.78522E+0	9.32021E-1	3.29438E+3	5.30737E+2
1.45870E+0	2.17240E+4	1.73786E+0	5.78510E+0	9.31868E-1	3.31724E+3	5.34343E+2
1.45010E+0	2.17280E+4	1.72628E+0	5.78548E+0	9.31901E-1	3.33972E+3	5.37947E+2
1.44180E+0	2.17240E+4	1.71785E+0	5.78562E+0	9.31874E-1	3.35620E+3	5.40573E+2
1.43340E+0	2.17300E+4	1.70463E+0	5.78577E+0	9.31771E-1	3.38230E+3	5.44703E+2
1.42480E+0	2.17270E+4	1.69559E+0	5.78615E+0	9.31740E-1	3.40057E+3	5.47591E+2
1.41640E+0	2.17260E+4	1.68312E+0	5.78629E+0	9.31700E-1	3.42583E+3	5.51623E+2
1.40810E+0	2.17290E+4	1.67215E+0	5.78650E+0	9.31643E-1	3.44844E+3	5.55209E+2
1.39990E+0	2.17300E+4	1.66297E+0	5.78670E+0	9.31548E-1	3.46759E+3	5.58216E+2
1.39100E+0	2.17290E+4	1.65016E+0	5.78686E+0	9.31538E-1	3.49461E+3	5.62544E+2
1.38280E+0	2.17290E+4	1.64096E+0	5.78706E+0	9.31501E-1	3.51432E+3	5.65674E+2
1.37450E+0	2.17320E+4	1.62955E+0	5.78715E+0	9.31446E-1	3.53898E+3	5.69602E+2
1.36570E+0	2.17280E+4	1.62099E+0	5.78754E+0	9.31415E-1	3.55792E+3	5.72593E+2
1.35740E+0	2.17300E+4	1.60744E+0	5.78761E+0	9.31345E-1	3.58794E+3	5.77374E+2
1.34910E+0	2.17280E+4	1.59621E+0	5.78782E+0	9.31267E-1	3.61332E+3	5.81388E+2
1.34050E+0	2.17300E+4	1.58325E+0	5.78810E+0	9.31268E-1	3.64308E+3	5.86149E+2
1.33200E+0	2.17330E+4	1.57407E+0	5.78811E+0	9.31222E-1	3.66432E+3	5.89535E+2
1.32370E+0	2.17310E+4	1.56245E+0	5.78826E+0	9.31169E-1	3.69167E+3	5.93886E+2
1.31530E+0	2.17330E+4	1.55528E+0	5.78863E+0	9.31146E-1	3.70894E+3	5.96611E+2
1.30650E+0	2.17340E+4	1.53907E+0	5.78861E+0	9.31057E-1	3.74799E+3	6.02838E+2
1.29820E+0	2.17350E+4	1.52817E+0	5.78881E+0	9.31010E-1	3.77484E+3	6.07106E+2
1.29000E+0	2.17320E+4	1.52218E+0	5.78894E+0	9.30943E-1	3.78978E+3	6.09449E+2
1.28130E+0	2.17360E+4	1.50995E+0	5.78909E+0	9.30933E-1	3.82059E+3	6.14381E+2
1.27300E+0	2.17360E+4	1.49989E+0	5.78961E+0	9.30968E-1	3.84655E+3	6.18524E+2
1.26460E+0	2.17350E+4	1.48919E+0	5.78962E+0	9.30823E-1	3.87421E+3	6.22873E+2
1.25590E+0	2.17340E+4	1.47598E+0	5.78967E+0	9.30765E-1	3.90891E+3	6.28409E+2
1.24760E+0	2.17350E+4	1.46468E+0	5.78987E+0	9.30738E-1	3.93920E+3	6.33237E+2
1.23930E+0	2.17360E+4	1.45511E+0	5.79012E+0	9.30714E-1	3.96527E+3	6.37385E+2
1.23050E+0	2.17410E+4	1.44356E+0	5.79027E+0	9.30608E-1	3.99709E+3	6.42410E+2
1.22220E+0	2.17390E+4	1.43388E+0	5.79046E+0	9.30567E-1	4.02422E+3	6.46720E+2
1.21390E+0	2.17380E+4	1.42206E+0	5.79061E+0	9.30562E-1	4.05777E+3	6.52091E+2
1.20560E+0	2.17390E+4	1.40965E+0	5.79086E+0	9.30510E-1	4.09367E+3	6.57796E+2
1.19690E+0	2.17380E+4	1.40064E+0	5.79074E+0	9.30479E-1	4.11993E+3	6.62006E+2
1.18860E+0	2.17420E+4	1.39146E+0	5.79136E+0	9.30448E-1	4.14756E+3	6.66353E+2
1.18030E+0	2.17410E+4	1.37479E+0	5.79117E+0	9.30346E-1	4.19770E+3	6.74357E+2
1.17190E+0	2.17430E+4	1.36745E+0	5.79136E+0	9.30281E-1	4.22037E+3	6.77928E+2
1.16350E+0	2.17400E+4	1.35515E+0	5.79163E+0	9.30281E-1	4.25887E+3	6.84082E+2
1.15560E+0	2.17440E+4	1.34617E+0	5.79173E+0	9.30270E-1	4.28736E+3	6.88638E+2
1.14690E+0	2.17450E+4	1.33465E+0	5.79184E+0	9.30211E-1	4.32444E+3	6.94536E+2
1.13790E+0	2.17460E+4	1.32243E+0	5.79199E+0	9.30173E-1	4.36453E+3	7.00928E+2
1.12950E+0	2.17460E+4	1.31084E+0	5.79201E+0	9.30105E-1	4.40314E+3	7.07074E+2
1.12080E+0	2.17430E+4	1.29972E+0	5.79255E+0	9.30074E-1	4.44121E+3	7.13098E+2
1.11260E+0	2.17420E+4	1.28906E+0	5.79248E+0	9.30037E-1	4.47789E+3	7.18967E+2
1.10420E+0	2.17440E+4	1.28084E+0	5.79271E+0	9.29975E-1	4.50682E+3	7.23535E+2
1.09590E+0	2.17450E+4	1.26529E+0	5.79267E+0	9.29900E-1	4.56215E+3	7.32365E+2
1.08730E+0	2.17460E+4	1.25516E+0	5.79289E+0	9.29862E-1	4.59914E+3	7.38244E+2
1.07900E+0	2.17450E+4	1.24795E+0	5.79302E+0	9.29813E-1	4.62583E+3	7.42471E+2
1.07070E+0	2.17440E+4	1.23473E+0	5.79326E+0	9.29776E-1	4.67555E+3	7.50392E+2
1.06250E+0	2.17460E+4	1.22105E+0	5.79308E+0	9.29737E-1	4.72780E+3	7.58770E+2
1.05360E+0	2.17450E+4	1.21541E+0	5.79357E+0	9.29718E-1	4.75014E+3	7.62273E+2
1.04520E+0	2.17470E+4	1.20259E+0	5.79347E+0	9.29672E-1	4.80067E+3	7.70360E+2
1.03700E+0	2.17470E+4	1.18855E+0	5.79388E+0	9.29712E-1	4.85772E+3	7.79492E+2
1.02820E+0	2.17500E+4	1.17994E+0	5.79415E+0	9.29704E-1	4.89339E+3	7.85172E+2
1.02000E+0	2.17460E+4	1.16788E+0	5.79395E+0	9.29554E-1	4.94378E+3	7.93157E+2
1.01170E+0	2.17480E+4	1.15378E+0	5.79414E+0	9.29564E-1	5.00435E+3	8.02857E+2
1.00330E+0	2.17450E+4	1.14576E+0	5.79435E+0	9.29468E-1	5.03957E+3	8.08394E+2
9.94500E-1	2.17500E+4	1.13573E+0	5.79445E+0	9.29426E-1	5.08417E+3	8.15498E+2
9.86300E-1	2.17490E+4	1.12439E+0	5.79488E+0	9.29454E-1	5.13582E+3	8.23746E+2
9.77800E-1	2.17480E+4	1.11197E+0	5.79485E+0	9.29398E-1	5.19315E+3	8.32896E+2
9.69100E-1	2.17520E+4	1.10211E+0	5.79496E+0	9.29350E-1	5.23973E+3	8.40306E+2
9.61000E-1	2.17550E+4	1.09096E+0	5.79521E+0	9.29320E-1	5.29348E+3	8.48863E+2
9.52500E-1	2.17500E+4	1.07782E+0	5.79511E+0	9.29200E-1	5.35793E+3	8.59101E+2
9.45400E-1	2.17530E+4	1.07252E+0	5.79548E+0	9.29253E-1	5.38478E+3	8.63400E+2
9.35800E-1	2.17550E+4	1.05690E+0	5.79565E+0	9.29232E-1	5.46451E+3	8.76140E+2
9.27200E-1	2.17550E+4	1.04556E+0	5.79553E+0	9.29138E-1	5.52365E+3	8.85550E+2
9.18800E-1	2.17540E+4	1.03396E+0	5.79604E+0	9.29202E-1	5.58609E+3	8.95543E+2
9.10100E-1	2.17530E+4	1.02346E+0	5.79582E+0	9.29082E-1	5.64320E+3	9.04616E+2
9.01800E-1	2.17530E+4	1.01184E+0	5.79594E+0	9.29055E-1	5.70812E+3	9.14979E+2
8.93400E-1	2.17550E+4	1.00278E+0	5.79636E+0	9.29032E-1	5.76013E+3	9.23226E+2
8.85200E-1	2.17530E+4	9.89925E-1	5.79655E+0	9.29024E-1	5.83511E+3	9.35204E+2
8.76600E-1	2.17550E+4	9.77513E-1	5.79653E+0	9.29014E-1	5.90918E+3	9.47069E+2
8.68300E-1	2.17550E+4	9.70309E-1	5.79670E+0	9.28966E-1	5.95323E+3	9.54051E+2
8.59300E-1	2.17560E+4	9.55078E-1	5.79691E+0	9.28933E-1	6.04838E+3	9.69230E+2
8.51100E-1	2.17580E+4	9.43797E-1	5.79696E+0	9.28900E-1	6.12074E+3	9.80781E+2
8.42700E-1	2.17570E+4	9.33352E-1	5.79705E+0	9.28837E-1	6.18933E+3	9.91689E+2
8.33900E-1	2.17570E+4	9.21709E-1	5.79741E+0	9.28864E-1	6.26789E+3	1.00425E+3
8.26600E-1	2.17560E+4	9.10178E-1	5.79735E+0	9.28801E-1	6.34724E+3	1.01690E+3
8.17600E-1	2.17570E+4	8.99600E-1	5.79742E+0	9.28717E-1	6.42195E+3	1.02876E+3
8.09200E-1	2.17600E+4	8.90896E-1	5.79754E+0	9.28760E-1	6.48482E+3	1.03886E+3
8.00800E-1	2.17590E+4	8.78154E-1	5.79762E+0	9.28730E-1	6.57902E+3	1.05390E+3
7.92200E-1	2.17580E+4	8.65695E-1	5.79784E+0	9.28641E-1	6.67395E+3	1.06897E+3
7.83700E-1	2.17600E+4	8.55235E-1	5.79793E+0	9.28638E-1	6.75568E+3	1.08204E+3
7.75400E-1	2.17600E+4	8.42077E-1	5.79809E+0	9.28604E-1	6.86143E+3	1.09891E+3
7.66800E-1	2.17560E+4	8.32057E-1	5.79816E+0	9.28599E-1	6.94414E+3	1.11213E+3
7.58500E-1	2.17570E+4	8.22172E-1	5.79827E+0	9.28541E-1	7.02777E+3	1.12543E+3
7.50500E-1	2.17620E+4	8.08346E-1	5.79809E+0	9.28476E-1	7.14775E+3	1.14460E+3
7.41600E-1	2.17570E+4	8.00529E-1	5.79844E+0	9.28525E-1	7.21798E+3	1.15584E+3
7.33500E-1	2.17600E+4	7.92771E-1	5.79850E+0	9.28455E-1	7.28870E+3	1.16707E+3
7.25100E-1	2.17570E+4	7.78583E-1	5.79869E+0	9.28472E-1	7.42176E+3	1.18835E+3
7.16000E-1	2.17610E+4	7.66940E-1	5.79879E+0	9.28435E-1	7.53456E+3	1.20635E+3
7.07600E-1	2.17590E+4	7.53462E-1	5.79878E+0	9.28326E-1	7.66933E+3	1.22778E+3
6.99300E-1	2.17640E+4	7.43031E-1	5.79916E+0	9.28355E-1	7.77750E+3	1.24506E+3
6.91400E-1	2.17620E+4	7.29134E-1	5.79901E+0	9.28308E-1	7.92553E+3	1.26872E+3
6.82500E-1	2.17630E+4	7.19087E-1	5.79933E+0	9.28273E-1	8.03670E+3	1.28640E+3
6.74100E-1	2.17600E+4	7.08486E-1	5.79945E+0	9.28291E-1	8.15712E+3	1.30567E+3
6.65900E-1	2.17640E+4	6.98987E-1	5.79945E+0	9.28221E-1	8.26798E+3	1.32332E+3
6.57400E-1	2.17610E+4	6.90702E-1	5.79961E+0	9.28205E-1	8.36739E+3	1.33917E+3
6.49200E-1	2.17630E+4	6.76232E-1	5.79949E+0	9.28161E-1	8.54625E+3	1.36776E+3
6.40900E-1	2.17630E+4	6.64706E-1	5.79981E+0	9.28187E-1	8.69493E+3	1.39151E+3
6.32000E-1	2.17600E+4	6.55077E-1	5.79992E+0	9.28219E-1	8.82290E+3	1.41202E+3
6.23300E-1	2.17640E+4	6.40020E-1	5.79988E+0	9.28132E-1	9.03040E+3	1.44510E+3
6.14900E-1	2.17620E+4	6.30796E-1	5.80007E+0	9.28130E-1	9.16275E+3	1.46623E+3
6.07000E-1	2.17640E+4	6.22485E-1	5.80019E+0	9.28106E-1	9.28527E+3	1.48577E+3
5.98200E-1	2.17620E+4	6.11090E-1	5.80019E+0	9.28051E-1	9.45841E+3	1.51338E+3
5.89600E-1	2.17650E+4	5.94725E-1	5.80034E+0	9.28049E-1	9.71894E+3	1.55502E+3
5.81400E-1	2.17620E+4	5.85457E-1	5.80037E+0	9.27999E-1	9.87285E+3	1.57955E+3
5.72800E-1	2.17640E+4	5.75143E-1	5.80050E+0	9.27901E-1	1.00501E+4	1.60771E+3
5.64500E-1	2.17660E+4	5.61892E-1	5.80070E+0	9.27940E-1	1.02875E+4	1.64569E+3
5.56200E-1	2.17660E+4	5.50192E-1	5.80053E+0	9.27847E-1	1.05059E+4	1.68052E+3
5.47500E-1	2.17670E+4	5.41000E-1	5.80089E+0	9.27920E-1	1.06851E+4	1.70921E+3
5.39200E-1	2.17640E+4	5.31924E-1	5.80091E+0	9.27881E-1	1.08675E+4	1.73830E+3
5.30600E-1	2.17650E+4	5.18470E-1	5.80085E+0	9.27831E-1	1.11494E+4	1.78331E+3
5.23000E-1	2.17690E+4	5.04026E-1	5.80129E+0	9.27860E-1	1.14697E+4	1.83447E+3
5.13600E-1	2.17670E+4	4.97364E-1	5.80133E+0	9.27848E-1	1.16234E+4	1.85902E+3
5.05600E-1	2.17670E+4	4.81149E-1	5.80118E+0	9.27831E-1	1.20149E+4	1.92163E+3
4.97200E-1	2.17610E+4	4.72473E-1	5.80128E+0	9.27800E-1	1.22357E+4	1.95686E+3
4.88800E-1	2.17640E+4	4.60069E-1	5.80137E+0	9.27740E-1	1.25658E+4	2.00949E+3
4.80300E-1	2.17670E+4	4.49472E-1	5.80145E+0	9.27723E-1	1.28622E+4	2.05683E+3
4.71600E-1	2.17620E+4	4.39960E-1	5.80138E+0	9.27732E-1	1.31401E+4	2.10132E+3
4.63500E-1	2.17630E+4	4.28052E-1	5.80181E+0	9.27742E-1	1.35067E+4	2.15979E+3
4.55300E-1	2.17630E+4	4.17888E-1	5.80156E+0	9.27650E-1	1.38346E+4	2.21211E+3
4.46400E-1	2.17630E+4	4.02683E-1	5.80162E+0	9.27600E-1	1.43571E+4	2.29551E+3
4.38000E-1	2.17650E+4	3.93042E-1	5.80192E+0	9.27670E-1	1.47101E+4	2.35200E+3
4.29700E-1	2.17620E+4	3.80557E-1	5.80175E+0	9.27616E-1	1.51922E+4	2.42902E+3
4.21000E-1	2.17640E+4	3.72654E-1	5.80183E+0	9.27535E-1	1.55146E+4	2.48031E+3
4.12800E-1	2.17670E+4	3.63381E-1	5.80210E+0	9.27569E-1	1.59112E+4	2.54370E+3
4.04800E-1	2.17640E+4	3.45727E-1	5.80199E+0	9.27529E-1	1.67234E+4	2.67347E+3
3.96500E-1	2.17640E+4	3.37280E-1	5.80230E+0	9.27584E-1	1.71431E+4	2.74059E+3
3.87400E-1	2.17680E+4	3.21917E-1	5.80239E+0	9.27530E-1	1.79616E+4	2.87121E+3
3.79500E-1	2.17650E+4	3.12940E-1	5.80223E+0	9.27498E-1	1.84763E+4	2.95347E+3
3.70600E-1	2.17690E+4	3.06319E-1	5.80252E+0	9.27515E-1	1.88766E+4	3.01738E+3
3.62800E-1	2.17630E+4	2.91840E-1	5.80236E+0	9.27430E-1	1.98126E+4	3.16678E+3
3.53800E-1	2.17670E+4	2.79006E-1	5.80245E+0	9.27406E-1	2.07243E+4	3.31236E+3
3.45400E-1	2.17660E+4	2.67476E-1	5.80244E+0	9.27394E-1	2.16176E+4	3.45511E+3
3.36600E-1	2.17640E+4	2.55831E-1	5.80259E+0	9.27412E-1	2.26021E+4	3.61244E+3
3.28400E-1	2.17660E+4	2.40219E-1	5.80264E+0	9.27401E-1	2.40713E+4	3.84718E+3
3.20300E-1	2.17670E+4	2.34602E-1	5.80271E+0	9.27400E-1	2.46479E+4	3.93928E+3
3.11900E-1	2.17650E+4	2.28254E-1	5.80307E+0	9.27456E-1	2.53350E+4	4.04908E+3
3.03200E-1	2.17660E+4	2.14224E-1	5.80287E+0	9.27342E-1	2.69933E+4	4.31373E+3
2.94600E-1	2.17700E+4	1.97806E-1	5.80298E+0	9.27313E-1	2.92343E+4	4.67163E+3
2.86100E-1	2.17690E+4	1.85525E-1	5.80325E+0	9.27421E-1	3.11709E+4	4.98144E+3
2.77900E-1	2.17680E+4	1.76728E-1	5.80309E+0	9.27390E-1	3.27217E+4	5.22926E+3
2.69300E-1	2.17730E+4	1.63712E-1	5.80322E+0	9.27357E-1	3.53239E+4	5.64477E+3
2.61000E-1	2.17700E+4	1.50559E-1	5.80327E+0	9.27323E-1	3.84102E+4	6.13769E+3
2.52600E-1	2.17680E+4	1.45742E-1	5.80332E+0	9.27324E-1	3.96802E+4	6.34058E+3
2.44200E-1	2.17690E+4	1.31026E-1	5.80326E+0	9.27302E-1	4.41363E+4	7.05253E+3
2.35600E-1	2.17700E+4	1.17785E-1	5.80353E+0	9.27328E-1	4.91003E+4	7.84559E+3
2.27300E-1	2.17680E+4	1.02180E-1	5.80340E+0	9.27245E-1	5.65974E+4	9.04292E+3
2.19000E-1	2.17720E+4	9.51848E-2	5.80361E+0	9.27297E-1	6.07592E+4	9.70807E+3
2.10200E-1	2.17730E+4	8.66981E-2	5.80356E+0	9.27254E-1	6.67063E+4	1.06579E+4
2.02100E-1	2.17690E+4	7.43157E-2	5.80383E+0	9.27287E-1	7.78244E+4	1.24341E+4
1.93600E-1	2.17680E+4	6.42116E-2	5.80385E+0	9.27254E-1	9.00709E+4	1.43902E+4
1.85200E-1	2.17720E+4	5.13001E-2	5.80351E+0	9.27134E-1	1.12734E+5	1.80097E+4
1.76600E-1	2.17740E+4	3.71892E-2	5.80363E+0	9.27131E-1	1.55512E+5	2.48431E+4
1.68300E-1	2.17720E+4	2.82838E-2	5.80372E+0	9.27136E-1	2.04480E+5	3.26654E+4
1.60500E-1	2.17740E+4	1.81827E-2	5.80371E+0	9.27121E-1	3.18075E+5	5.08114E+4
1.51300E-1	2.17750E+4	5.85483E-3	5.80390E+0	9.27156E-1	9.87842E+5	1.57805E+5
1.43100E-1	2.17710E+4	-5.92422E-3	5.80381E+0	9.27052E-1	-9.76257E+5	-1.55939E+5
1.34700E-1	2.17750E+4	-1.96220E-2	5.80388E+0	9.27091E-1	-2.94752E+5	-4.70826E+4
1.26100E-1	2.17740E+4	-2.99416E-2	5.80387E+0	9.27109E-1	-1.93163E+5	-3.08559E+4
1.17600E-1	2.17770E+4	-3.83845E-2	5.80405E+0	9.27061E-1	-1.50680E+5	-2.40677E+4
1.09400E-1	2.17720E+4	-5.43059E-2	5.80416E+0	9.27095E-1	-1.06506E+5	-1.70121E+4
1.00700E-1	2.17720E+4	-6.18588E-2	5.80419E+0	9.27045E-1	-9.35023E+4	-1.49342E+4
9.24000E-2	2.17750E+4	-7.36368E-2	5.80431E+0	9.27088E-1	-7.85484E+4	-1.25461E+4
8.41000E-2	2.17740E+4	-8.56246E-2	5.80421E+0	9.27035E-1	-6.75501E+4	-1.07889E+4
7.54000E-2	2.17710E+4	-9.65259E-2	5.80400E+0	9.26914E-1	-5.99190E+4	-9.56923E+3
6.72000E-2	2.17760E+4	-1.06665E-1	5.80442E+0	9.26988E-1	-5.42272E+4	-8.66030E+3
5.88000E-2	2.17770E+4	-1.18549E-1	5.80443E+0	9.26947E-1	-4.87914E+4	-7.79181E+3
5.01000E-2	2.17760E+4	-1.31947E-1	5.80480E+0	9.26943E-1	-4.38398E+4	-7.00059E+3
4.19000E-2	2.17740E+4	-1.42303E-1	5.80478E+0	9.26845E-1	-4.06492E+4	-6.49043E+3
3.35000E-2	2.17790E+4	-1.52694E-1	5.80471E+0	9.26766E-1	-3.78826E+4	-6.04824E+3
2.49000E-2	2.17750E+4	-1.61915E-1	5.80544E+0	9.26779E-1	-3.57298E+4	-5.70390E+3
1.66000E-2	2.17760E+4	-1.76333E-1	5.80562E+0	9.26612E-1	-3.28092E+4	-5.23655E+3
8.20000E-3	2.17720E+4	-1.86867E-1	5.80630E+0	9.26374E-1	-3.09634E+4	-4.94009E+3
-6.00000E-4	2.17750E+4	-2.03559E-1	5.80574E+0	9.26625E-1	-2.84217E+4	-4.53624E+3
-9.00000E-3	2.17720E+4	-2.14613E-1	5.80512E+0	9.26704E-1	-2.69548E+4	-4.30295E+3
-1.73000E-2	2.17740E+4	-2.23069E-1	5.80480E+0	9.26748E-1	-2.59316E+4	-4.14003E+3
-2.59000E-2	2.17730E+4	-2.32938E-1	5.80482E+0	9.26834E-1	-2.48331E+4	-3.96501E+3
-3.42000E-2	2.17750E+4	-2.44287E-1	5.80456E+0	9.26860E-1	-2.36783E+4	-3.78091E+3
-4.27000E-2	2.17700E+4	-2.57231E-1	5.80439E+0	9.26993E-1	-2.24862E+4	-3.59116E+3
-5.13000E-2	2.17750E+4	-2.66967E-1	5.80424E+0	9.26883E-1	-2.16655E+4	-3.45978E+3
-5.96000E-2	2.17720E+4	-2.77986E-1	5.80443E+0	9.26965E-1	-2.08075E+4	-3.32294E+3
-6.79000E-2	2.17710E+4	-2.90747E-1	5.80407E+0	9.26940E-1	-1.98930E+4	-3.17701E+3
-7.62000E-2	2.17690E+4	-3.06172E-1	5.80400E+0	9.27009E-1	-1.88905E+4	-3.01717E+3
-8.50000E-2	2.17690E+4	-3.17906E-1	5.80405E+0	9.27004E-1	-1.81934E+4	-2.90579E+3
-9.32000E-2	2.17700E+4	-3.23840E-1	5.80374E+0	9.26985E-1	-1.78591E+4	-2.85249E+3
-1.01600E-1	2.17720E+4	-3.34808E-1	5.80395E+0	9.27035E-1	-1.72746E+4	-2.75919E+3
-1.10300E-1	2.17690E+4	-3.50491E-1	5.80404E+0	9.27157E-1	-1.65019E+4	-2.63608E+3
-1.18600E-1	2.17710E+4	-3.58154E-1	5.80368E+0	9.27073E-1	-1.61478E+4	-2.57944E+3
-1.26900E-1	2.17680E+4	-3.72231E-1	5.80399E+0	9.27137E-1	-1.55380E+4	-2.48207E+3
-1.35200E-1	2.17690E+4	-3.83260E-1	5.80374E+0	9.26334E-1	-1.50902E+4	-2.40855E+3
-1.43800E-1	2.17680E+4	-3.92290E-1	5.80380E+0	9.27126E-1	-1.47430E+4	-2.35512E+3
-1.52200E-1	2.17640E+4	-4.01544E-1	5.80365E+0	9.27140E-1	-1.44029E+4	-2.30088E+3
-1.60400E-1	2.17650E+4	-4.18631E-1	5.80367E+0	9.26438E-1	-1.38151E+4	-2.20529E+3
-1.69100E-1	2.17650E+4	-4.26764E-1	5.80368E+0	9.27157E-1	-1.35518E+4	-2.16495E+3
-1.77500E-1	2.17630E+4	-4.39082E-1	5.80350E+0	9.27167E-1	-1.31712E+4	-2.10424E+3
-1.85800E-1	2.17650E+4	-4.47043E-1	5.80352E+0	9.27177E-1	-1.29367E+4	-2.06678E+3
-1.94000E-1	2.17650E+4	-4.60972E-1	5.80351E+0	9.27175E-1	-1.25458E+4	-2.00433E+3
-2.02700E-1	2.17620E+4	-4.73113E-1	5.80337E+0	9.27200E-1	-1.22236E+4	-1.95295E+3
-2.11100E-1	2.17640E+4	-4.83181E-1	5.80341E+0	9.27251E-1	-1.19689E+4	-1.91236E+3
-2.19300E-1	2.17650E+4	-4.96607E-1	5.80316E+0	9.27207E-1	-1.16448E+4	-1.86057E+3
-2.28000E-1	2.17630E+4	-5.06231E-1	5.80336E+0	9.27233E-1	-1.14239E+4	-1.82525E+3
-2.36300E-1	2.17610E+4	-5.17951E-1	5.80312E+0	9.27243E-1	-1.11649E+4	-1.78397E+3
-2.44700E-1	2.17650E+4	-5.30555E-1	5.80305E+0	9.27215E-1	-1.08995E+4	-1.74153E+3
-2.53000E-1	2.17600E+4	-5.37747E-1	5.80301E+0	9.27249E-1	-1.07537E+4	-1.71830E+3
-2.61600E-1	2.17610E+4	-5.51842E-1	5.80323E+0	9.27332E-1	-1.04794E+4	-1.67457E+3
-2.69800E-1	2.17640E+4	-5.61269E-1	5.80285E+0	9.27289E-1	-1.03027E+4	-1.64636E+3
-2.78200E-1	2.17600E+4	-5.74281E-1	5.80315E+0	9.27326E-1	-1.00698E+4	-1.60913E+3
-2.86500E-1	2.17620E+4	-5.83576E-1	5.80270E+0	9.27279E-1	-9.90866E+3	-1.58342E+3
-2.95300E-1	2.17610E+4	-5.97291E-1	5.80268E+0	9.27277E-1	-9.68109E+3	-1.54705E+3
-3.03500E-1	2.17580E+4	-6.10016E-1	5.80272E+0	9.27314E-1	-9.47922E+3	-1.51484E+3
-3.11800E-1	2.17580E+4	-6.18853E-1	5.80248E+0	9.27314E-1	-9.34346E+3	-1.49321E+3
-3.20500E-1	2.17600E+4	-6.32123E-1	5.80253E+0	9.27330E-1	-9.14739E+3	-1.46189E+3
-3.28900E-1	2.17570E+4	-6.38844E-1	5.80256E+0	9.27404E-1	-9.05121E+3	-1.44662E+3
-3.37200E-1	2.17580E+4	-6.52196E-1	5.80239E+0	9.27406E-1	-8.86564E+3	-1.41701E+3
-3.45500E-1	2.17600E+4	-6.62553E-1	5.80222E+0	9.27368E-1	-8.72681E+3	-1.39480E+3
-3.54300E-1	2.17590E+4	-6.74447E-1	5.80217E+0	9.27398E-1	-8.57284E+3	-1.37025E+3
-3.62500E-1	2.17580E+4	-6.84988E-1	5.80215E+0	9.27407E-1	-8.44088E+3	-1.34918E+3
-3.70800E-1	2.17590E+4	-6.99279E-1	5.80222E+0	9.27451E-1	-8.26846E+3	-1.32167E+3
-3.79700E-1	2.17540E+4	-7.03415E-1	5.80199E+0	9.27487E-1	-8.21953E+3	-1.31395E+3
-3.87800E-1	2.17590E+4	-7.19083E-1	5.80195E+0	9.27470E-1	-8.04038E+3	-1.28529E+3
-3.96100E-1	2.17560E+4	-7.33605E-1	5.80194E+0	9.27457E-1	-7.88120E+3	-1.25983E+3
-4.04800E-1	2.17560E+4	-7.41527E-1	5.80175E+0	9.27527E-1	-7.79675E+3	-1.24647E+3
-4.13200E-1	2.17570E+4	-7.57609E-1	5.80178E+0	9.27556E-1	-7.63129E+3	-1.22005E+3
-4.21300E-1	2.17580E+4	-7.68677E-1	5.80148E+0	9.27494E-1	-7.52102E+3	-1.20240E+3
-4.29800E-1	2.17560E+4	-7.73927E-1	5.80180E+0	9.27572E-1	-7.47041E+3	-1.19434E+3
-4.38600E-1	2.17550E+4	-7.88471E-1	5.80155E+0	9.27522E-1	-7.33230E+3	-1.17225E+3
-4.46800E-1	2.17530E+4	-7.99375E-1	5.80150E+0	9.27534E-1	-7.23222E+3	-1.15628E+3
-4.55100E-1	2.17530E+4	-8.06090E-1	5.80155E+0	9.27585E-1	-7.17203E+3	-1.14671E+3
-4.63900E-1	2.17550E+4	-8.19741E-1	5.80120E+0	9.27570E-1	-7.05217E+3	-1.12759E+3
-4.72100E-1	2.17560E+4	-8.35178E-1	5.80117E+0	9.27599E-1	-6.92179E+3	-1.10678E+3
-4.80400E-1	2.17510E+4	-8.40345E-1	5.80126E+0	9.27659E-1	-6.87933E+3	-1.10005E+3
-4.89100E-1	2.17550E+4	-8.54013E-1	5.80096E+0	9.27640E-1	-6.76888E+3	-1.08242E+3
-4.97400E-1	2.17540E+4	-8.69034E-1	5.80061E+0	9.27605E-1	-6.65149E+3	-1.06367E+3
-5.05700E-1	2.17510E+4	-8.75634E-1	5.80099E+0	9.27715E-1	-6.60178E+3	-1.05578E+3
-5.14000E-1	2.17530E+4	-8.87941E-1	5.80066E+0	9.27690E-1	-6.50991E+3	-1.04112E+3
-5.22900E-1	2.17520E+4	-9.04185E-1	5.80071E+0	9.27748E-1	-6.39301E+3	-1.02248E+3
-5.31200E-1	2.17510E+4	-9.10854E-1	5.80075E+0	9.27764E-1	-6.34624E+3	-1.01501E+3
-5.39300E-1	2.17500E+4	-9.23265E-1	5.80055E+0	9.27816E-1	-6.26072E+3	-1.00142E+3
-5.48100E-1	2.17510E+4	-9.35306E-1	5.80043E+0	9.27822E-1	-6.18000E+3	-9.88537E+2
-5.56200E-1	2.17510E+4	-9.46557E-1	5.80031E+0	9.27812E-1	-6.10642E+3	-9.76776E+2
-5.64700E-1	2.17470E+4	-9.56300E-1	5.80033E+0	9.27832E-1	-6.04422E+3	-9.66845E+2
-5.73200E-1	2.17500E+4	-9.66033E-1	5.80004E+0	9.27850E-1	-5.98302E+3	-9.57123E+2
-5.81900E-1	2.17500E+4	-9.81183E-1	5.79986E+0	9.27789E-1	-5.89046E+3	-9.42283E+2
-5.90000E-1	2.17470E+4	-9.91710E-1	5.80012E+0	9.27941E-1	-5.82819E+3	-9.32432E+2
-5.97800E-1	2.17490E+4	-1.00357E+0	5.79981E+0	9.27919E-1	-5.75903E+3	-9.21393E+2
-6.07100E-1	2.17480E+4	-1.01265E+0	5.79984E+0	9.27899E-1	-5.70740E+3	-9.13110E+2
-6.15100E-1	2.17490E+4	-1.02141E+0	5.80016E+0	9.27979E-1	-5.65875E+3	-9.05356E+2
-6.23800E-1	2.17460E+4	-1.03331E+0	5.79962E+0	9.28031E-1	-5.59308E+3	-8.94982E+2
-6.32600E-1	2.17450E+4	-1.05587E+0	5.79954E+0	9.27995E-1	-5.47352E+3	-8.75828E+2
-6.40500E-1	2.17460E+4	-1.05717E+0	5.79953E+0	9.28046E-1	-5.46676E+3	-8.74797E+2
-6.48900E-1	2.17480E+4	-1.07034E+0	5.79933E+0	9.28077E-1	-5.39932E+3	-8.64062E+2
-6.57900E-1	2.17460E+4	-1.07688E+0	5.79941E+0	9.28145E-1	-5.36659E+3	-8.58877E+2
-6.66400E-1	2.17430E+4	-1.08843E+0	5.79925E+0	9.28129E-1	-5.30949E+3	-8.49748E+2
-6.74800E-1	2.17470E+4	-1.10255E+0	5.79911E+0	9.28161E-1	-5.24137E+3	-8.38892E+2
-6.82200E-1	2.17440E+4	-1.11744E+0	5.79906E+0	9.28217E-1	-5.17149E+3	-8.27766E+2
-6.91600E-1	2.17460E+4	-1.11837E+0	5.79906E+0	9.28237E-1	-5.16718E+3	-8.27094E+2
-7.00000E-1	2.17450E+4	-1.13577E+0	5.79894E+0	9.28290E-1	-5.08792E+3	-8.14471E+2
-7.08400E-1	2.17420E+4	-1.14831E+0	5.79890E+0	9.28331E-1	-5.03231E+3	-8.05611E+2
-7.16800E-1	2.17410E+4	-1.15437E+0	5.79861E+0	9.28313E-1	-5.00565E+3	-8.01367E+2
-7.25400E-1	2.17440E+4	-1.16655E+0	5.79862E+0	9.28347E-1	-4.95338E+3	-7.93026E+2
-7.32500E-1	2.17420E+4	-1.18372E+0	5.79851E+0	9.28396E-1	-4.88144E+3	-7.81565E+2
-7.42300E-1	2.17400E+4	-1.18875E+0	5.79842E+0	9.28435E-1	-4.86073E+3	-7.78293E+2
-7.50700E-1	2.17440E+4	-1.20109E+0	5.79846E+0	9.28446E-1	-4.81083E+3	-7.70308E+2
-7.58700E-1	2.17420E+4	-1.21201E+0	5.79801E+0	9.28468E-1	-4.76711E+3	-7.63384E+2
-7.67400E-1	2.17430E+4	-1.22556E+0	5.79785E+0	9.28458E-1	-4.71427E+3	-7.54934E+2
-7.76300E-1	2.17410E+4	-1.23342E+0	5.79770E+0	9.28491E-1	-4.68410E+3	-7.50151E+2
-7.84500E-1	2.17440E+4	-1.24825E+0	5.79763E+0	9.28527E-1	-4.62840E+3	-7.41268E+2
-7.91400E-1	2.17390E+4	-1.26227E+0	5.79761E+0	9.28622E-1	-4.57697E+3	-7.33110E+2
-8.00800E-1	2.17400E+4	-1.27020E+0	5.79725E+0	9.28551E-1	-4.54810E+3	-7.28473E+2
-8.09700E-1	2.17360E+4	-1.28131E+0	5.79730E+0	9.28564E-1	-4.50873E+3	-7.22171E+2
-8.17700E-1	2.17420E+4	-1.28960E+0	5.79737E+0	9.28629E-1	-4.47979E+3	-7.17577E+2
-8.26500E-1	2.17390E+4	-1.30228E+0	5.79687E+0	9.28602E-1	-4.43578E+3	-7.10568E+2
-8.34700E-1	2.17370E+4	-1.31147E+0	5.79708E+0	9.28681E-1	-4.40486E+3	-7.05651E+2
-8.43400E-1	2.17390E+4	-1.32615E+0	5.79673E+0	9.28672E-1	-4.35584E+3	-6.97833E+2
-8.51800E-1	2.17380E+4	-1.34093E+0	5.79660E+0	9.28729E-1	-4.30775E+3	-6.90185E+2
-8.60000E-1	2.17390E+4	-1.34725E+0	5.79662E+0	9.28776E-1	-4.28753E+3	-6.86978E+2
-8.68700E-1	2.17380E+4	-1.35926E+0	5.79659E+0	9.28822E-1	-4.24965E+3	-6.80946E+2
-8.77100E-1	2.17360E+4	-1.36791E+0	5.79629E+0	9.28853E-1	-4.22254E+3	-6.76661E+2
-8.85000E-1	2.17370E+4	-1.37805E+0	5.79636E+0	9.28893E-1	-4.19152E+3	-6.71709E+2
-8.94200E-1	2.17360E+4	-1.39167E+0	5.79619E+0	9.28946E-1	-4.15039E+3	-6.65176E+2
-9.02500E-1	2.17360E+4	-1.40072E+0	5.79645E+0	9.29044E-1	-4.12376E+3	-6.60948E+2
-9.10900E-1	2.17290E+4	-1.41239E+0	5.79597E+0	9.28993E-1	-4.08933E+3	-6.55449E+2
-9.19600E-1	2.17370E+4	-1.42609E+0	5.79581E+0	9.29009E-1	-4.04995E+3	-6.49165E+2
-9.27900E-1	2.17350E+4	-1.43274E+0	5.79595E+0	9.29064E-1	-4.03125E+3	-6.46191E+2
-9.35400E-1	2.17310E+4	-1.44286E+0	5.79555E+0	9.29030E-1	-4.00269E+3	-6.41634E+2
-9.43800E-1	2.17310E+4	-1.45947E+0	5.79560E+0	9.29117E-1	-3.95718E+3	-6.34392E+2
-9.53100E-1	2.17310E+4	-1.46890E+0	5.79530E+0	9.29180E-1	-3.93157E+3	-6.30361E+2
-9.60400E-1	2.17340E+4	-1.47919E+0	5.79513E+0	9.29182E-1	-3.90411E+3	-6.25979E+2
-9.69800E-1	2.17290E+4	-1.48935E+0	5.79518E+0	9.29284E-1	-3.87750E+3	-6.21775E+2
-9.78100E-1	2.17320E+4	-1.50327E+0	5.79480E+0	9.29328E-1	-3.84134E+3	-6.16046E+2
-9.86900E-1	2.17280E+4	-1.51264E+0	5.79459E+0	9.29324E-1	-3.81741E+3	-6.12228E+2
-9.95200E-1	2.17290E+4	-1.52537E+0	5.79469E+0	9.29364E-1	-3.78561E+3	-6.07144E+2
-1.00180E+0	2.17290E+4	-1.53345E+0	5.79434E+0	9.29389E-1	-3.76545E+3	-6.03962E+2
-1.00310E+0	2.17320E+4	-1.53540E+0	5.79451E+0	9.29396E-1	-3.76076E+3	-6.03198E+2
-1.00220E+0	2.17310E+4	-1.53570E+0	5.79448E+0	9.29393E-1	-3.76001E+3	-6.03078E+2
-1.00110E+0	2.17300E+4	-1.53308E+0	5.79413E+0	9.29337E-1	-3.76621E+3	-6.04072E+2
-1.00010E+0	2.17330E+4	-1.53426E+0	5.79445E+0	9.29376E-1	-3.76352E+3	-6.03633E+2
